#! FIELDS ab2 projection
#! SET min_ab2 -0.349288
#! SET max_ab2 11.3493
#! SET nbins_ab2  332
#! SET periodic_ab2 false
   -0.349288000  -14.437430848
   -0.313944834  -14.484799028
   -0.278601668  -14.635577388
   -0.243258502  -15.081589084
   -0.207915335  -16.348541728
   -0.172572169  -19.727286865
   -0.137229003  -27.092205892
   -0.101885837  -39.531837678
   -0.066542671  -56.851979697
   -0.031199505  -77.259721273
    0.004143662  -97.517357778
    0.039486828 -114.108008710
    0.074829994 -124.810971527
    0.110173160 -129.643891108
    0.145516326 -130.518303822
    0.180859492 -129.912518755
    0.216202659 -129.559785607
    0.251545825 -129.957133406
    0.286888991 -130.733008225
    0.322232157 -131.337573028
    0.357575323 -131.512131242
    0.392918489 -131.346573171
    0.428261656 -131.057837055
    0.463604822 -130.824853825
    0.498947988 -130.649689071
    0.534291154 -130.457681359
    0.569634320 -130.174552756
    0.604977486 -129.772599972
    0.640320653 -129.281447866
    0.675663819 -128.768530377
    0.711006985 -128.306503030
    0.746350151 -127.949060463
    0.781693317 -127.723819788
    0.817036483 -127.638545976
    0.852379650 -127.696049060
    0.887722816 -127.925525398
    0.923065982 -128.418277059
    0.958409148 -129.299999182
    0.993752314 -130.629404572
    1.029095480 -132.299570430
    1.064438647 -134.040945122
    1.099781813 -135.539341274
    1.135124979 -136.576391574
    1.170468145 -137.104339808
    1.205811311 -137.219583013
    1.241154477 -137.082922341
    1.276497644 -136.832001858
    1.311840810 -136.533535390
    1.347183976 -136.200576473
    1.382527142 -135.830156628
    1.417870308 -135.427433945
    1.453213474 -135.001529436
    1.488556640 -134.560256586
    1.523899807 -134.116435510
    1.559242973 -133.699881308
    1.594586139 -133.347345414
    1.629929305 -133.080630662
    1.665272471 -132.907043237
    1.700615637 -132.847381359
    1.735958804 -132.946897626
    1.771301970 -133.258409884
    1.806645136 -133.807946847
    1.841988302 -134.554357641
    1.877331468 -135.384784149
    1.912674634 -136.181031495
    1.948017801 -136.905264481
    1.983360967 -137.602560847
    2.018704133 -138.311358433
    2.054047299 -138.986102915
    2.089390465 -139.514893554
    2.124733631 -139.794952743
    2.160076798 -139.799742445
    2.195419964 -139.593622554
    2.230763130 -139.289850835
    2.266106296 -138.984515688
    2.301449462 -138.718848961
    2.336792628 -138.493346102
    2.372135795 -138.299843346
    2.407478961 -138.146954533
    2.442822127 -138.053091394
    2.478165293 -138.027751399
    2.513508459 -138.071553421
    2.548851625 -138.198520659
    2.584194792 -138.421289982
    2.619537958 -138.725780499
    2.654881124 -139.064208306
    2.690224290 -139.387722843
    2.725567456 -139.680358201
    2.760910622 -139.949295202
    2.796253789 -140.201067510
    2.831596955 -140.422298605
    2.866940121 -140.590019926
    2.902283287 -140.693368518
    2.937626453 -140.749270770
    2.972969619 -140.793394079
    3.008312785 -140.854893437
    3.043655952 -140.946806979
    3.078999118 -141.082287688
    3.114342284 -141.278211163
    3.149685450 -141.529784536
    3.185028616 -141.800214058
    3.220371782 -142.043447857
    3.255714949 -142.230161517
    3.291058115 -142.356874131
    3.326401281 -142.444844563
    3.361744447 -142.520730058
    3.397087613 -142.606374764
    3.432430779 -142.716014814
    3.467773946 -142.855887902
    3.503117112 -143.017972293
    3.538460278 -143.184098200
    3.573803444 -143.345045221
    3.609146610 -143.503867397
    3.644489776 -143.664838279
    3.679832943 -143.824182892
    3.715176109 -143.971273752
    3.750519275 -144.095095604
    3.785862441 -144.183064501
    3.821205607 -144.225295553
    3.856548773 -144.224276658
    3.891891940 -144.198214605
    3.927235106 -144.168197379
    3.962578272 -144.142187102
    3.997921438 -144.117558917
    4.033264604 -144.081889622
    4.068607770 -144.017783785
    4.103950937 -143.921138110
    4.139294103 -143.818064324
    4.174637269 -143.755075647
    4.209980435 -143.772801008
    4.245323601 -143.877028679
    4.280666767 -144.045614408
    4.316009934 -144.244531564
    4.351353100 -144.448627596
    4.386696266 -144.641280820
    4.422039432 -144.797785048
    4.457382598 -144.887937896
    4.492725764 -144.890113308
    4.528068931 -144.809514033
    4.563412097 -144.659637142
    4.598755263 -144.444514336
    4.634098429 -144.149829010
    4.669441595 -143.765602030
    4.704784761 -143.289214160
    4.740127927 -142.719198035
    4.775471094 -142.069411664
    4.810814260 -141.384890484
    4.846157426 -140.721128427
    4.881500592 -140.112111540
    4.916843758 -139.562555781
    4.952186924 -139.070953353
    4.987530091 -138.656038318
    5.022873257 -138.355432265
    5.058216423 -138.190883902
    5.093559589 -138.142172822
    5.128902755 -138.161352535
    5.164245921 -138.204881696
    5.199589088 -138.256822099
    5.234932254 -138.328735784
    5.270275420 -138.429979957
    5.305618586 -138.550167504
    5.340961752 -138.664679503
    5.376304918 -138.742707018
    5.411648085 -138.755059712
    5.446991251 -138.684690469
    5.482334417 -138.527336682
    5.517677583 -138.291913095
    5.553020749 -137.998996584
    5.588363915 -137.672741337
    5.623707082 -137.329113111
    5.659050248 -136.971154644
    5.694393414 -136.587123012
    5.729736580 -136.146778058
    5.765079746 -135.615204966
    5.800422912 -134.978936573
    5.835766079 -134.260188659
    5.871109245 -133.516002671
    5.906452411 -132.815787711
    5.941795577 -132.193899491
    5.977138743 -131.615435076
    6.012481909 -131.003232382
    6.047825076 -130.310386249
    6.083168242 -129.588239633
    6.118511408 -128.946227027
    6.153854574 -128.463626300
    6.189197740 -128.133821029
    6.224540906 -127.894656948
    6.259884073 -127.691859313
    6.295227239 -127.515673216
    6.330570405 -127.392287475
    6.365913571 -127.345304375
    6.401256737 -127.366653322
    6.436599903 -127.414249806
    6.471943069 -127.438155855
    6.507286236 -127.407709531
    6.542629402 -127.319922481
    6.577972568 -127.184507878
    6.613315734 -127.006847400
    6.648658900 -126.789186004
    6.684002066 -126.542160144
    6.719345233 -126.296370519
    6.754688399 -126.105435993
    6.790031565 -126.034117044
    6.825374731 -126.128840200
    6.860717897 -126.387022907
    6.896061063 -126.746940122
    6.931404230 -127.113843021
    6.966747396 -127.389030511
    7.002090562 -127.494309017
    7.037433728 -127.401529419
    7.072776894 -127.147306729
    7.108120060 -126.818508556
    7.143463227 -126.501052504
    7.178806393 -126.251161221
    7.214149559 -126.096052158
    7.249492725 -126.053355010
    7.284835891 -126.136732392
    7.320179057 -126.348138965
    7.355522224 -126.673341682
    7.390865390 -127.098340823
    7.426208556 -127.616214018
    7.461551722 -128.206896071
    7.496894888 -128.825590412
    7.532238054 -129.425628872
    7.567581221 -129.987527242
    7.602924387 -130.509149763
    7.638267553 -130.978867623
    7.673610719 -131.370322227
    7.708953885 -131.659639201
    7.744297051 -131.831105907
    7.779640218 -131.884284451
    7.814983384 -131.838035534
    7.850326550 -131.724223653
    7.885669716 -131.556573736
    7.921012882 -131.320102851
    7.956356048 -130.993247160
    7.991699215 -130.575041449
    8.027042381 -130.089236532
    8.062385547 -129.558680362
    8.097728713 -128.987942698
    8.133071879 -128.383460849
    8.168415045 -127.782163782
    8.203758211 -127.230199478
    8.239101378 -126.747528057
    8.274444544 -126.333934521
    8.309787710 -125.993287390
    8.345130876 -125.742214089
    8.380474042 -125.605238770
    8.415817208 -125.592523197
    8.451160375 -125.685938176
    8.486503541 -125.849392860
    8.521846707 -126.048179876
    8.557189873 -126.259629063
    8.592533039 -126.465529876
    8.627876205 -126.644540368
    8.663219372 -126.779957362
    8.698562538 -126.862793444
    8.733905704 -126.890772878
    8.769248870 -126.874138997
    8.804592036 -126.838421608
    8.839935202 -126.802777493
    8.875278369 -126.746693962
    8.910621535 -126.591631755
    8.945964701 -126.221324171
    8.981307867 -125.570476822
    9.016651033 -124.726356851
    9.051994199 -123.902700244
    9.087337366 -123.265169573
    9.122680532 -122.854561239
    9.158023698 -122.655514435
    9.193366864 -122.652228399
    9.228710030 -122.821965497
    9.264053196 -123.127399591
    9.299396363 -123.521573346
    9.334739529 -123.953609847
    9.370082695 -124.382731736
    9.405425861 -124.783136907
    9.440769027 -125.157142584
    9.476112193 -125.524075261
    9.511455360 -125.896299938
    9.546798526 -126.252911695
    9.582141692 -126.536417765
    9.617484858 -126.678290784
    9.652828024 -126.643743283
    9.688171190 -126.453483079
    9.723514356 -126.153022825
    9.758857523 -125.770291589
    9.794200689 -125.311662735
    9.829543855 -124.791215222
    9.864887021 -124.240504200
    9.900230187 -123.698769227
    9.935573353 -123.194771959
    9.970916520 -122.726532535
   10.006259686 -122.253580320
   10.041602852 -121.721843142
   10.076946018 -121.105593825
   10.112289184 -120.423241627
   10.147632350 -119.716188817
   10.182975517 -119.002618391
   10.218318683 -118.266011684
   10.253661849 -117.467080770
   10.289005015 -116.597810266
   10.324348181 -115.709135582
   10.359691347 -114.883711216
   10.395034514 -114.174093645
   10.430377680 -113.579565607
   10.465720846 -113.088295922
   10.501064012 -112.714831084
   10.536407178 -112.499085296
   10.571750344 -112.468771394
   10.607093511 -112.579987734
   10.642436677 -112.697323064
   10.677779843 -112.647252023
   10.713123009 -112.368857271
   10.748466175 -112.064424974
   10.783809341 -112.170434860
   10.819152508 -112.952650174
   10.854495674 -113.878714487
   10.889838840 -113.333414238
   10.925182006 -109.086633393
   10.960525172  -99.452839236
   10.995868338  -84.512504819
   11.031211505  -66.429797902
   11.066554671  -48.521471637
   11.101897837  -33.687860069
   11.137241003  -23.328633593
   11.172584169  -17.596232825
   11.207927335  -15.411445191
   11.243270502  -14.735008962
   11.278613668  -14.518997046
   11.313956834  -14.448426121
   11.349300000  -14.425856182
