#! FIELDS ab2 projection
#! SET min_ab2 -0.349288
#! SET max_ab2 11.3493
#! SET nbins_ab2  332
#! SET periodic_ab2 false
   -0.349288000  -14.436587914
   -0.313944834  -14.481724966
   -0.278601668  -14.625269123
   -0.243258502  -15.047800381
   -0.207915335  -16.234372123
   -0.172572169  -19.360690860
   -0.137229003  -26.183545047
   -0.101885837  -37.812112533
   -0.066542671  -54.153862485
   -0.031199505  -73.554832581
    0.004143662  -92.899768748
    0.039486828 -108.755432691
    0.074829994 -118.923201276
    0.110173160 -123.368854769
    0.145516326 -123.908454390
    0.180859492 -122.955720164
    0.216202659 -122.266906017
    0.251545825 -122.427905213
    0.286888991 -123.149487618
    0.322232157 -123.902963771
    0.357575323 -124.375231937
    0.392918489 -124.559657912
    0.428261656 -124.600343328
    0.463604822 -124.657787139
    0.498947988 -124.765055802
    0.534291154 -124.871509136
    0.569634320 -124.897554430
    0.604977486 -124.787094384
    0.640320653 -124.541547462
    0.675663819 -124.218132520
    0.711006985 -123.892145885
    0.746350151 -123.616842856
    0.781693317 -123.405511292
    0.817036483 -123.234306529
    0.852379650 -123.068685273
    0.887722816 -122.910993181
    0.923065982 -122.838306545
    0.958409148 -123.003934037
    0.993752314 -123.572462307
    1.029095480 -124.574547276
    1.064438647 -125.817780342
    1.099781813 -126.992599903
    1.135124979 -127.857286377
    1.170468145 -128.336069330
    1.205811311 -128.491683339
    1.241154477 -128.441731635
    1.276497644 -128.281817052
    1.311840810 -128.057992328
    1.347183976 -127.784721918
    1.382527142 -127.470495353
    1.417870308 -127.130671150
    1.453213474 -126.779150181
    1.488556640 -126.424175050
    1.523899807 -126.078485849
    1.559242973 -125.767403856
    1.594586139 -125.520157187
    1.629929305 -125.353424085
    1.665272471 -125.270245686
    1.700615637 -125.274139668
    1.735958804 -125.382496594
    1.771301970 -125.625837819
    1.806645136 -126.026932724
    1.841988302 -126.582473490
    1.877331468 -127.271818728
    1.912674634 -128.096191609
    1.948017801 -129.089059346
    1.983360967 -130.268533805
    2.018704133 -131.565076969
    2.054047299 -132.811077556
    2.089390465 -133.802596534
    2.124733631 -134.382753550
    2.160076798 -134.502598620
    2.195419964 -134.236823441
    2.230763130 -133.739838104
    2.266106296 -133.175228690
    2.301449462 -132.654631347
    2.336792628 -132.235212168
    2.372135795 -131.935384849
    2.407478961 -131.751966455
    2.442822127 -131.660042883
    2.478165293 -131.620459446
    2.513508459 -131.591410939
    2.548851625 -131.549580309
    2.584194792 -131.495808722
    2.619537958 -131.442956531
    2.654881124 -131.394095829
    2.690224290 -131.347793030
    2.725567456 -131.311629066
    2.760910622 -131.296148551
    2.796253789 -131.297450666
    2.831596955 -131.299259709
    2.866940121 -131.298921929
    2.902283287 -131.308653203
    2.937626453 -131.336581674
    2.972969619 -131.373584649
    3.008312785 -131.390204278
    3.043655952 -131.341881570
    3.078999118 -131.191632883
    3.114342284 -130.934393963
    3.149685450 -130.605903271
    3.185028616 -130.265699184
    3.220371782 -129.966373287
    3.255714949 -129.732710577
    3.291058115 -129.559042178
    3.326401281 -129.432106369
    3.361744447 -129.348871643
    3.397087613 -129.319378580
    3.432430779 -129.357148648
    3.467773946 -129.458358638
    3.503117112 -129.590551777
    3.538460278 -129.718592230
    3.573803444 -129.840659664
    3.609146610 -129.984011911
    3.644489776 -130.170623347
    3.679832943 -130.392746403
    3.715176109 -130.621750805
    3.750519275 -130.840538211
    3.785862441 -131.058501685
    3.821205607 -131.297188071
    3.856548773 -131.567105331
    3.891891940 -131.862150209
    3.927235106 -132.165665315
    3.962578272 -132.462953506
    3.997921438 -132.748147044
    4.033264604 -133.019041845
    4.068607770 -133.284188689
    4.103950937 -133.563527708
    4.139294103 -133.867854034
    4.174637269 -134.184134028
    4.209980435 -134.488390105
    4.245323601 -134.751484799
    4.280666767 -134.940811885
    4.316009934 -135.025503702
    4.351353100 -134.996315953
    4.386696266 -134.874274828
    4.422039432 -134.693219073
    4.457382598 -134.476641653
    4.492725764 -134.223929426
    4.528068931 -133.919583102
    4.563412097 -133.559357769
    4.598755263 -133.165584060
    4.634098429 -132.765987257
    4.669441595 -132.370229746
    4.704784761 -131.966003673
    4.740127927 -131.533848147
    4.775471094 -131.054430121
    4.810814260 -130.518455145
    4.846157426 -129.947030987
    4.881500592 -129.400608428
    4.916843758 -128.951596079
    4.952186924 -128.633141109
    4.987530091 -128.445016465
    5.022873257 -128.388021891
    5.058216423 -128.466061455
    5.093559589 -128.660148866
    5.128902755 -128.924673070
    5.164245921 -129.208173277
    5.199589088 -129.469367528
    5.234932254 -129.679915857
    5.270275420 -129.818807074
    5.305618586 -129.886132238
    5.340961752 -129.902160176
    5.376304918 -129.895849918
    5.411648085 -129.889690671
    5.446991251 -129.893944267
    5.482334417 -129.889060055
    5.517677583 -129.831258566
    5.553020749 -129.701999859
    5.588363915 -129.537957784
    5.623707082 -129.403232444
    5.659050248 -129.335238895
    5.694393414 -129.318254058
    5.729736580 -129.305162062
    5.765079746 -129.250624994
    5.800422912 -129.117004744
    5.835766079 -128.874982151
    5.871109245 -128.528774423
    5.906452411 -128.134054348
    5.941795577 -127.767005981
    5.977138743 -127.474525158
    6.012481909 -127.254992132
    6.047825076 -127.084292618
    6.083168242 -126.957400287
    6.118511408 -126.883228158
    6.153854574 -126.867491016
    6.189197740 -126.887807369
    6.224540906 -126.906578735
    6.259884073 -126.903647964
    6.295227239 -126.893149917
    6.330570405 -126.908988723
    6.365913571 -126.972283428
    6.401256737 -127.074497222
    6.436599903 -127.178322617
    6.471943069 -127.241107552
    6.507286236 -127.239183465
    6.542629402 -127.174631847
    6.577972568 -127.059708242
    6.613315734 -126.900235153
    6.648658900 -126.699122941
    6.684002066 -126.468375369
    6.719345233 -126.239607704
    6.754688399 -126.065290814
    6.790031565 -126.007607732
    6.825374731 -126.111242371
    6.860717897 -126.374369499
    6.896061063 -126.736912822
    6.931404230 -127.105414591
    6.966747396 -127.381863907
    7.002090562 -127.488205846
    7.037433728 -127.396378380
    7.072776894 -127.143122685
    7.108120060 -126.815408324
    7.143463227 -126.499037831
    7.178806393 -126.250033282
    7.214149559 -126.095495949
    7.249492725 -126.053100700
    7.284835891 -126.136615368
    7.320179057 -126.348079749
    7.355522224 -126.673312778
    7.390865390 -127.098320879
    7.426208556 -127.616200925
    7.461551722 -128.206887702
    7.496894888 -128.825585034
    7.532238054 -129.425625306
    7.567581221 -129.987524791
    7.602924387 -130.509148035
    7.638267553 -130.978866378
    7.673610719 -131.370321306
    7.708953885 -131.659638496
    7.744297051 -131.831105353
    7.779640218 -131.884284007
    7.814983384 -131.838035177
    7.850326550 -131.724223362
    7.885669716 -131.556573490
    7.921012882 -131.320102626
    7.956356048 -130.993246936
    7.991699215 -130.575041210
    8.027042381 -130.089236265
    8.062385547 -129.558680061
    8.097728713 -128.987942364
    8.133071879 -128.383460488
    8.168415045 -127.782163406
    8.203758211 -127.230199100
    8.239101378 -126.747527691
    8.274444544 -126.333934176
    8.309787710 -125.993287073
    8.345130876 -125.742213809
    8.380474042 -125.605238534
    8.415817208 -125.592523013
    8.451160375 -125.685938043
    8.486503541 -125.849392770
    8.521846707 -126.048179817
    8.557189873 -126.259629025
    8.592533039 -126.465529851
    8.627876205 -126.644540351
    8.663219372 -126.779957351
    8.698562538 -126.862793436
    8.733905704 -126.890772873
    8.769248870 -126.874138994
    8.804592036 -126.838421606
    8.839935202 -126.802777491
    8.875278369 -126.746693961
    8.910621535 -126.591631754
    8.945964701 -126.221324171
    8.981307867 -125.570476821
    9.016651033 -124.726356851
    9.051994199 -123.902700244
    9.087337366 -123.265169573
    9.122680532 -122.854561238
    9.158023698 -122.655514435
    9.193366864 -122.652228399
    9.228710030 -122.821965497
    9.264053196 -123.127399591
    9.299396363 -123.521573346
    9.334739529 -123.953609847
    9.370082695 -124.382731736
    9.405425861 -124.783136907
    9.440769027 -125.157142584
    9.476112193 -125.524075261
    9.511455360 -125.896299938
    9.546798526 -126.252911695
    9.582141692 -126.536417765
    9.617484858 -126.678290784
    9.652828024 -126.643743283
    9.688171190 -126.453483079
    9.723514356 -126.153022825
    9.758857523 -125.770291589
    9.794200689 -125.311662735
    9.829543855 -124.791215222
    9.864887021 -124.240504200
    9.900230187 -123.698769227
    9.935573353 -123.194771959
    9.970916520 -122.726532535
   10.006259686 -122.253580320
   10.041602852 -121.721843142
   10.076946018 -121.105593825
   10.112289184 -120.423241627
   10.147632350 -119.716188817
   10.182975517 -119.002618391
   10.218318683 -118.266011684
   10.253661849 -117.467080770
   10.289005015 -116.597810266
   10.324348181 -115.709135582
   10.359691347 -114.883711216
   10.395034514 -114.174093645
   10.430377680 -113.579565607
   10.465720846 -113.088295922
   10.501064012 -112.714831084
   10.536407178 -112.499085296
   10.571750344 -112.468771394
   10.607093511 -112.579987734
   10.642436677 -112.697323064
   10.677779843 -112.647252023
   10.713123009 -112.368857271
   10.748466175 -112.064424974
   10.783809341 -112.170434860
   10.819152508 -112.952650174
   10.854495674 -113.878714487
   10.889838840 -113.333414238
   10.925182006 -109.086633393
   10.960525172  -99.452839236
   10.995868338  -84.512504819
   11.031211505  -66.429797902
   11.066554671  -48.521471637
   11.101897837  -33.687860069
   11.137241003  -23.328633593
   11.172584169  -17.596232825
   11.207927335  -15.411445191
   11.243270502  -14.735008962
   11.278613668  -14.518997046
   11.313956834  -14.448426121
   11.349300000  -14.425856182
