#! FIELDS ab2 projection
#! SET min_ab2 -0.349288
#! SET max_ab2 11.3493
#! SET nbins_ab2  332
#! SET periodic_ab2 false
   -0.349288000  -14.432581245
   -0.313944834  -14.466939317
   -0.278601668  -14.576722455
   -0.243258502  -14.900775252
   -0.207915335  -15.814643569
   -0.172572169  -18.285820664
   -0.137229003  -23.983272737
   -0.101885837  -34.083383617
   -0.066542671  -48.556084132
   -0.031199505  -66.017916680
    0.004143662  -83.757529536
    0.039486828  -98.675485755
    0.074829994 -108.647169566
    0.110173160 -113.421557976
    0.145516326 -114.459319920
    0.180859492 -113.880272031
    0.216202659 -113.313212563
    0.251545825 -113.363057318
    0.286888991 -113.819884667
    0.322232157 -114.221029108
    0.357575323 -114.283149543
    0.392918489 -114.006936141
    0.428261656 -113.539924491
    0.463604822 -113.045503436
    0.498947988 -112.574631616
    0.534291154 -112.121205734
    0.569634320 -111.678242992
    0.604977486 -111.265867174
    0.640320653 -110.933493205
    0.675663819 -110.745502840
    0.711006985 -110.762731287
    0.746350151 -111.012130153
    0.781693317 -111.464542104
    0.817036483 -112.038153016
    0.852379650 -112.643465310
    0.887722816 -113.252368687
    0.923065982 -113.933031486
    0.958409148 -114.810917454
    0.993752314 -115.977496939
    1.029095480 -117.384731629
    1.064438647 -118.813835059
    1.099781813 -119.972690744
    1.135124979 -120.641541759
    1.170468145 -120.763259866
    1.205811311 -120.433707926
    1.241154477 -119.826803286
    1.276497644 -119.105458950
    1.311840810 -118.371941722
    1.347183976 -117.673980498
    1.382527142 -117.027175973
    1.417870308 -116.439595378
    1.453213474 -115.922024725
    1.488556640 -115.489757307
    1.523899807 -115.162035573
    1.559242973 -114.971839844
    1.594586139 -114.964982821
    1.629929305 -115.174085608
    1.665272471 -115.588681459
    1.700615637 -116.161619551
    1.735958804 -116.834808824
    1.771301970 -117.558533111
    1.806645136 -118.286886963
    1.841988302 -118.971454396
    1.877331468 -119.568061820
    1.912674634 -120.054837371
    1.948017801 -120.448104112
    1.983360967 -120.793621871
    2.018704133 -121.118250706
    2.054047299 -121.388491424
    2.089390465 -121.517766614
    2.124733631 -121.413453417
    2.160076798 -121.040638500
    2.195419964 -120.454198910
    2.230763130 -119.778045171
    2.266106296 -119.133760704
    2.301449462 -118.589245352
    2.336792628 -118.139951836
    2.372135795 -117.738068483
    2.407478961 -117.343057611
    2.442822127 -116.953430738
    2.478165293 -116.609845110
    2.513508459 -116.351925295
    2.548851625 -116.189488239
    2.584194792 -116.089881453
    2.619537958 -115.998834341
    2.654881124 -115.863715834
    2.690224290 -115.661995222
    2.725567456 -115.427817892
    2.760910622 -115.228112304
    2.796253789 -115.108089489
    2.831596955 -115.069935912
    2.866940121 -115.098928598
    2.902283287 -115.192555960
    2.937626453 -115.362505413
    2.972969619 -115.617554775
    3.008312785 -115.938482182
    3.043655952 -116.269549617
    3.078999118 -116.538559370
    3.114342284 -116.681460314
    3.149685450 -116.666600645
    3.185028616 -116.508912144
    3.220371782 -116.265243496
    3.255714949 -116.008757373
    3.291058115 -115.796579150
    3.326401281 -115.654311259
    3.361744447 -115.578414555
    3.397087613 -115.551023897
    3.432430779 -115.552682702
    3.467773946 -115.570178853
    3.503117112 -115.599370261
    3.538460278 -115.647184736
    3.573803444 -115.726828234
    3.609146610 -115.841852245
    3.644489776 -115.979237774
    3.679832943 -116.112355775
    3.715176109 -116.211721555
    3.750519275 -116.259167974
    3.785862441 -116.253775951
    3.821205607 -116.209952940
    3.856548773 -116.149809890
    3.891891940 -116.096134528
    3.927235106 -116.070497605
    3.962578272 -116.089052758
    3.997921438 -116.155069042
    4.033264604 -116.253937292
    4.068607770 -116.372349519
    4.103950937 -116.510757398
    4.139294103 -116.668811553
    4.174637269 -116.832364327
    4.209980435 -116.992311870
    4.245323601 -117.150894580
    4.280666767 -117.305147051
    4.316009934 -117.427264030
    4.351353100 -117.494690988
    4.386696266 -117.513206989
    4.422039432 -117.513868484
    4.457382598 -117.541439884
    4.492725764 -117.635219633
    4.528068931 -117.805593754
    4.563412097 -118.029473906
    4.598755263 -118.271057665
    4.634098429 -118.499623738
    4.669441595 -118.695595547
    4.704784761 -118.842462834
    4.740127927 -118.919602655
    4.775471094 -118.915797719
    4.810814260 -118.851158141
    4.846157426 -118.776492023
    4.881500592 -118.746271299
    4.916843758 -118.793964627
    4.952186924 -118.909792460
    4.987530091 -119.056938918
    5.022873257 -119.207244146
    5.058216423 -119.359885434
    5.093559589 -119.519444079
    5.128902755 -119.674210507
    5.164245921 -119.803723875
    5.199589088 -119.889366538
    5.234932254 -119.921020064
    5.270275420 -119.889724546
    5.305618586 -119.783449594
    5.340961752 -119.587649835
    5.376304918 -119.289929142
    5.411648085 -118.887427333
    5.446991251 -118.387847949
    5.482334417 -117.794621214
    5.517677583 -117.101900915
    5.553020749 -116.318880445
    5.588363915 -115.492644260
    5.623707082 -114.699324125
    5.659050248 -113.994140292
    5.694393414 -113.368830554
    5.729736580 -112.775109774
    5.765079746 -112.188880460
    5.800422912 -111.642085435
    5.835766079 -111.198317137
    5.871109245 -110.922042388
    5.906452411 -110.840599156
    5.941795577 -110.898490295
    5.977138743 -110.943627622
    6.012481909 -110.811622614
    6.047825076 -110.456531275
    6.083168242 -109.980217378
    6.118511408 -109.509078846
    6.153854574 -109.085747012
    6.189197740 -108.681733261
    6.224540906 -108.252676077
    6.259884073 -107.780618883
    6.295227239 -107.283876864
    6.330570405 -106.805542612
    6.365913571 -106.399584771
    6.401256737 -106.117652355
    6.436599903 -105.990867260
    6.471943069 -106.002849624
    6.507286236 -106.088829521
    6.542629402 -106.178969694
    6.577972568 -106.247159435
    6.613315734 -106.305528444
    6.648658900 -106.374144995
    6.684002066 -106.461171560
    6.719345233 -106.564342012
    6.754688399 -106.690951567
    6.790031565 -106.860713574
    6.825374731 -107.078580945
    6.860717897 -107.297201071
    6.896061063 -107.403832253
    6.931404230 -107.279419362
    6.966747396 -106.893812026
    7.002090562 -106.357591118
    7.037433728 -105.843744196
    7.072776894 -105.443088196
    7.108120060 -105.148817561
    7.143463227 -104.930233734
    7.178806393 -104.770950008
    7.214149559 -104.657402237
    7.249492725 -104.562258373
    7.284835891 -104.450693469
    7.320179057 -104.289913201
    7.355522224 -104.062740531
    7.390865390 -103.777526308
    7.426208556 -103.466398155
    7.461551722 -103.154559751
    7.496894888 -102.841357033
    7.532238054 -102.520183755
    7.567581221 -102.199411098
    7.602924387 -101.896489858
    7.638267553 -101.629966297
    7.673610719 -101.411271863
    7.708953885 -101.236148120
    7.744297051 -101.081115995
    7.779640218 -100.922346331
    7.814983384 -100.747984279
    7.850326550 -100.556365585
    7.885669716 -100.337359450
    7.921012882 -100.081870645
    7.956356048  -99.813369684
    7.991699215  -99.580173097
    8.027042381  -99.396459603
    8.062385547  -99.224038648
    8.097728713  -99.014755043
    8.133071879  -98.742604080
    8.168415045  -98.413859464
    8.203758211  -98.051437738
    8.239101378  -97.680937575
    8.274444544  -97.319196333
    8.309787710  -96.974170511
    8.345130876  -96.645577289
    8.380474042  -96.336433705
    8.415817208  -96.061468751
    8.451160375  -95.842071015
    8.486503541  -95.692579158
    8.521846707  -95.607657682
    8.557189873  -95.561114564
    8.592533039  -95.521076330
    8.627876205  -95.476291642
    8.663219372  -95.446918649
    8.698562538  -95.466925114
    8.733905704  -95.551834227
    8.769248870  -95.677559061
    8.804592036  -95.785447807
    8.839935202  -95.808096331
    8.875278369  -95.700237988
    8.910621535  -95.463352650
    8.945964701  -95.143025082
    8.981307867  -94.801394897
    9.016651033  -94.490633822
    9.051994199  -94.242504547
    9.087337366  -94.058150353
    9.122680532  -93.903530484
    9.158023698  -93.722394282
    9.193366864  -93.465220091
    9.228710030  -93.111836948
    9.264053196  -92.684944539
    9.299396363  -92.246373284
    9.334739529  -91.875596861
    9.370082695  -91.627834404
    9.405425861  -91.511316240
    9.440769027  -91.490887520
    9.476112193  -91.507434574
    9.511455360  -91.494254521
    9.546798526  -91.388757445
    9.582141692  -91.163816755
    9.617484858  -90.840438161
    9.652828024  -90.474773406
    9.688171190  -90.122614446
    9.723514356  -89.809678373
    9.758857523  -89.520279582
    9.794200689  -89.205550530
    9.829543855  -88.811157237
    9.864887021  -88.308565374
    9.900230187  -87.711570340
    9.935573353  -87.070217306
    9.970916520  -86.430973569
   10.006259686  -85.805416924
   10.041602852  -85.156970892
   10.076946018  -84.422487083
   10.112289184  -83.560193319
   10.147632350  -82.571781759
   10.182975517  -81.489242455
   10.218318683  -80.340510787
   10.253661849  -79.141069129
   10.289005015  -77.889712457
   10.324348181  -76.568152694
   10.359691347  -75.155611792
   10.395034514  -73.669194226
   10.430377680  -72.218875880
   10.465720846  -70.982179368
   10.501064012  -70.065728125
   10.536407178  -69.404301852
   10.571750344  -68.818465021
   10.607093511  -68.119870153
   10.642436677  -67.169962204
   10.677779843  -65.943887032
   10.713123009  -64.577797727
   10.748466175  -63.311064556
   10.783809341  -62.296640292
   10.819152508  -61.349895624
   10.854495674  -59.842137754
   10.889838840  -56.913124559
   10.925182006  -51.932358544
   10.960525172  -44.950319894
   10.995868338  -36.820297545
   11.031211505  -28.848258504
   11.066554671  -22.252956669
   11.101897837  -17.880363149
   11.137241003  -15.747857095
   11.172584169  -14.913585126
   11.207927335  -14.600175564
   11.243270502  -14.482370000
   11.278613668  -14.439789100
   11.313956834  -14.425470389
   11.349300000  -14.421285168
