#! FIELDS ab1 projection
#! SET min_ab1 -0.0619522
#! SET max_ab1 11.3508
#! SET nbins_ab1  324
#! SET periodic_ab1 false
   -0.061952200  -14.512837422
   -0.026618602  -14.512837422
    0.008714996  -14.512837422
    0.044048594  -14.512837422
    0.079382193  -14.512837422
    0.114715791  -14.512837422
    0.150049389  -14.512837422
    0.185382987  -14.512837422
    0.220716585  -14.512837422
    0.256050183  -14.512839510
    0.291383781  -14.512845215
    0.326717380  -14.512864289
    0.362050978  -14.512917076
    0.397384576  -14.513047526
    0.432718174  -14.513333262
    0.468051772  -14.513888787
    0.503385370  -14.514852653
    0.538718968  -14.516369137
    0.574052567  -14.518577255
    0.609386165  -14.521678424
    0.644719763  -14.526160173
    0.680053361  -14.533134351
    0.715386959  -14.544987425
    0.750720557  -14.566145333
    0.786054155  -14.604440349
    0.821387754  -14.673012703
    0.856721352  -14.793625457
    0.892054950  -15.001672647
    0.927388548  -15.351979982
    0.962722146  -15.919833709
    0.998055744  -16.784330074
    1.033389342  -17.988047604
    1.068722941  -19.500406353
    1.104056539  -21.223620602
    1.139390137  -23.031984917
    1.174723735  -24.808854630
    1.210057333  -26.472160316
    1.245390931  -27.986190626
    1.280724529  -29.353737778
    1.316058128  -30.595799035
    1.351391726  -31.740268688
    1.386725324  -32.814118801
    1.422058922  -33.823720435
    1.457392520  -34.745923203
    1.492726118  -35.547344078
    1.528059716  -36.214414312
    1.563393315  -36.764670593
    1.598726913  -37.237962746
    1.634060511  -37.680700840
    1.669394109  -38.130368668
    1.704727707  -38.609053629
    1.740061305  -39.122577420
    1.775394903  -39.668801293
    1.810728502  -40.248432905
    1.846062100  -40.870222990
    1.881395698  -41.549302354
    1.916729296  -42.299269030
    1.952062894  -43.123239417
    1.987396492  -44.021187402
    2.022730090  -44.991584064
    2.058063689  -46.020074770
    2.093397287  -47.080959227
    2.128730885  -48.152753418
    2.164064483  -49.224717546
    2.199398081  -50.293013848
    2.234731679  -51.352690457
    2.270065277  -52.387337881
    2.305398876  -53.372681509
    2.340732474  -54.291256551
    2.376066072  -55.136875078
    2.411399670  -55.903606108
    2.446733268  -56.582275011
    2.482066866  -57.171849473
    2.517400464  -57.686142146
    2.552734063  -58.152055887
    2.588067661  -58.591203780
    2.623401259  -59.012630630
    2.658734857  -59.429626602
    2.694068455  -59.867931757
    2.729402053  -60.349754668
    2.764735651  -60.878370710
    2.800069250  -61.437731159
    2.835402848  -62.006259555
    2.870736446  -62.572674462
    2.906070044  -63.143828499
    2.941403642  -63.735380180
    2.976737240  -64.353472834
    3.012070838  -64.998504434
    3.047404437  -65.674811467
    3.082738035  -66.389601447
    3.118071633  -67.139510732
    3.153405231  -67.897596797
    3.188738829  -68.622235381
    3.224072427  -69.275302938
    3.259406025  -69.829992953
    3.294739624  -70.275177014
    3.330073222  -70.621108417
    3.365406820  -70.898641124
    3.400740418  -71.152819550
    3.436074016  -71.426292413
    3.471407614  -71.749518487
    3.506741212  -72.136510770
    3.542074811  -72.588101625
    3.577408409  -73.083627467
    3.612742007  -73.593110387
    3.648075605  -74.111083280
    3.683409203  -74.662210820
    3.718742801  -75.273648862
    3.754076399  -75.947411608
    3.789409998  -76.664692134
    3.824743596  -77.394415578
    3.860077194  -78.098035523
    3.895410792  -78.745467936
    3.930744390  -79.345597711
    3.966077988  -79.938982688
    4.001411586  -80.564411575
    4.036745185  -81.234689730
    4.072078783  -81.945849871
    4.107412381  -82.674375906
    4.142745979  -83.372378328
    4.178079577  -83.989464437
    4.213413175  -84.503459320
    4.248746773  -84.940475672
    4.284080372  -85.354342742
    4.319413970  -85.789200657
    4.354747568  -86.254360426
    4.390081166  -86.724302395
    4.425414764  -87.162915863
    4.460748362  -87.543598343
    4.496081960  -87.863563001
    4.531415559  -88.139124829
    4.566749157  -88.388317622
    4.602082755  -88.613984449
    4.637416353  -88.810393353
    4.672749951  -88.981125481
    4.708083549  -89.155418523
    4.743417147  -89.379916079
    4.778750746  -89.693258611
    4.814084344  -90.100632762
    4.849417942  -90.572133776
    4.884751540  -91.065861102
    4.920085138  -91.546363650
    4.955418736  -91.997156668
    4.990752334  -92.422037618
    5.026085933  -92.838572330
    5.061419531  -93.267082213
    5.096753129  -93.732108696
    5.132086727  -94.248888209
    5.167420325  -94.815871983
    5.202753923  -95.408885543
    5.238087521  -96.001481196
    5.273421120  -96.575623370
    5.308754718  -97.117154982
    5.344088316  -97.612647097
    5.379421914  -98.052832201
    5.414755512  -98.439284142
    5.450089110  -98.780457000
    5.485422708  -99.080014053
    5.520756307  -99.339163472
    5.556089905  -99.568171409
    5.591423503  -99.795884365
    5.626757101 -100.050299605
    5.662090699 -100.330192843
    5.697424297 -100.604872919
    5.732757895 -100.845191099
    5.768091493 -101.049002623
    5.803425092 -101.245272339
    5.838758690 -101.475193404
    5.874092288 -101.767299614
    5.909425886 -102.128115336
    5.944759484 -102.547626876
    5.980093082 -103.002254811
    6.015426680 -103.461597126
    6.050760279 -103.897033772
    6.086093877 -104.289135209
    6.121427475 -104.632433283
    6.156761073 -104.935195233
    6.192094671 -105.222551092
    6.227428269 -105.533358880
    6.262761867 -105.902914049
    6.298095466 -106.348593486
    6.333429064 -106.864472960
    6.368762662 -107.421066142
    6.404096260 -107.970623540
    6.439429858 -108.475056683
    6.474763456 -108.934906014
    6.510097054 -109.378233744
    6.545430653 -109.829787802
    6.580764251 -110.298708329
    6.616097849 -110.793525138
    6.651431447 -111.333913502
    6.686765045 -111.934519081
    6.722098643 -112.585599521
    6.757432241 -113.255859277
    6.792765840 -113.908297037
    6.828099438 -114.511718175
    6.863433036 -115.046026459
    6.898766634 -115.513069691
    6.934100232 -115.927251887
    6.969433830 -116.296669229
    7.004767428 -116.602383486
    7.040101027 -116.812820068
    7.075434625 -116.916327962
    7.110768223 -116.952089955
    7.146101821 -116.986345237
    7.181435419 -117.062139433
    7.216769017 -117.173288284
    7.252102615 -117.273392121
    7.287436214 -117.312754041
    7.322769812 -117.274443385
    7.358103410 -117.198798225
    7.393437008 -117.172050121
    7.428770606 -117.278653542
    7.464104204 -117.538633863
    7.499437802 -117.888321693
    7.534771401 -118.216447621
    7.570104999 -118.432174569
    7.605438597 -118.520034955
    7.640772195 -118.546050735
    7.676105793 -118.608715400
    7.711439391 -118.784963219
    7.746772989 -119.103059465
    7.782106588 -119.545692810
    7.817440186 -120.062229255
    7.852773784 -120.583505126
    7.888107382 -121.054689443
    7.923440980 -121.462355041
    7.958774578 -121.825836257
    7.994108176 -122.169922851
    8.029441775 -122.512688630
    8.064775373 -122.853679179
    8.100108971 -123.172152744
    8.135442569 -123.441437035
    8.170776167 -123.640629157
    8.206109765 -123.777130002
    8.241443363 -123.888828041
    8.276776962 -124.026505492
    8.312110560 -124.221616665
    8.347444158 -124.471982412
    8.382777756 -124.754742257
    8.418111354 -125.050289911
    8.453444952 -125.356736099
    8.488778550 -125.686517287
    8.524112149 -126.052005764
    8.559445747 -126.461302306
    8.594779345 -126.909130822
    8.630112943 -127.366518586
    8.665446541 -127.790538917
    8.700780139 -128.153825528
    8.736113737 -128.479700203
    8.771447336 -128.838960325
    8.806780934 -129.272075113
    8.842114532 -129.724707574
    8.877448130 -130.093043713
    8.912781728 -130.311368595
    8.948115326 -130.367253466
    8.983448924 -130.273869581
    9.018782523 -130.053721808
    9.054116121 -129.736858827
    9.089449719 -129.343703680
    9.124783317 -128.873365244
    9.160116915 -128.300977841
    9.195450513 -127.593261392
    9.230784111 -126.741682230
    9.266117710 -125.789988992
    9.301451308 -124.833225506
    9.336784906 -123.983661642
    9.372118504 -123.326605435
    9.407452102 -122.896822319
    9.442785700 -122.675253140
    9.478119298 -122.603691217
    9.513452897 -122.622618993
    9.548786495 -122.693534684
    9.584120093 -122.803367950
    9.619453691 -122.947448923
    9.654787289 -123.111479953
    9.690120887 -123.267207772
    9.725454485 -123.394260263
    9.760788084 -123.494404568
    9.796121682 -123.580547886
    9.831455280 -123.649826049
    9.866788878 -123.675912545
    9.902122476 -123.638404600
    9.937456074 -123.546462568
    9.972789672 -123.428266485
   10.008123271 -123.308373268
   10.043456869 -123.198165335
   10.078790467 -123.087067647
   10.114124065 -122.940314866
   10.149457663 -122.721217759
   10.184791261 -122.423145919
   10.220124859 -122.073243001
   10.255458458 -121.708239823
   10.290792056 -121.356378758
   10.326125654 -121.025685545
   10.361459252 -120.699159895
   10.396792850 -120.342399231
   10.432126448 -119.924655883
   10.467460046 -119.444383207
   10.502793645 -118.937303562
   10.538127243 -118.449045279
   10.573460841 -117.969560526
   10.608794439 -117.386190669
   10.644128037 -116.530176937
   10.679461635 -115.305172041
   10.714795233 -113.854731826
   10.750128832 -112.609785727
   10.785462430 -112.092755748
   10.820796028 -112.473977563
   10.856129626 -113.049818582
   10.891463224 -112.040851945
   10.926796822 -107.207410894
   10.962130420  -97.095803183
   10.997464019  -82.063510684
   11.032797617  -64.376046639
   11.068131215  -47.251179789
   11.103464813  -33.452614889
   11.138798411  -24.178784023
   11.174132009  -18.915612451
   11.209465607  -16.325158774
   11.244799206  -15.188523198
   11.280132804  -14.738234794
   11.315466402  -14.577083077
   11.350800000  -14.524013797
