#! FIELDS ab1 projection
#! SET min_ab1 -0.0619522
#! SET max_ab1 11.3508
#! SET nbins_ab1  324
#! SET periodic_ab1 false
   -0.061952200  -14.512837422
   -0.026618602  -14.512837422
    0.008714996  -14.512837422
    0.044048594  -14.512837422
    0.079382193  -14.512837422
    0.114715791  -14.512837422
    0.150049389  -14.512840462
    0.185382987  -14.512860198
    0.220716585  -14.512928576
    0.256050183  -14.513177166
    0.291383781  -14.513919879
    0.326717380  -14.515929191
    0.362050978  -14.520852948
    0.397384576  -14.531917537
    0.432718174  -14.555065507
    0.468051772  -14.600938511
    0.503385370  -14.688350792
    0.538718968  -14.851076493
    0.574052567  -15.149097070
    0.609386165  -15.681708485
    0.644719763  -16.581841837
    0.680053361  -17.955832261
    0.715386959  -19.794308554
    0.750720557  -21.964383664
    0.786054155  -24.286849397
    0.821387754  -26.594010746
    0.856721352  -28.754641675
    0.892054950  -30.687063116
    0.927388548  -32.360533610
    0.962722146  -33.785594275
    0.998055744  -35.001187668
    1.033389342  -36.061525207
    1.068722941  -37.027635341
    1.104056539  -37.962216310
    1.139390137  -38.919549939
    1.174723735  -39.927887499
    1.210057333  -40.974825851
    1.245390931  -42.011768108
    1.280724529  -42.971722649
    1.316058128  -43.805537211
    1.351391726  -44.501735094
    1.386725324  -45.090046687
    1.422058922  -45.623935401
    1.457392520  -46.163779985
    1.492726118  -46.759831650
    1.528059716  -47.438462034
    1.563393315  -48.193876565
    1.598726913  -48.994698778
    1.634060511  -49.811450690
    1.669394109  -50.635098457
    1.704727707  -51.483855743
    1.740061305  -52.386863168
    1.775394903  -53.353065110
    1.810728502  -54.354688940
    1.846062100  -55.349128899
    1.881395698  -56.313217398
    1.916729296  -57.257440215
    1.952062894  -58.205597131
    1.987396492  -59.168283327
    2.022730090  -60.138863205
    2.058063689  -61.104567787
    2.093397287  -62.050594772
    2.128730885  -62.961544037
    2.164064483  -63.832698102
    2.199398081  -64.669649640
    2.234731679  -65.480488517
    2.270065277  -66.266831572
    2.305398876  -67.029566431
    2.340732474  -67.778544525
    2.376066072  -68.537062298
    2.411399670  -69.327812940
    2.446733268  -70.149604593
    2.482066866  -70.971175374
    2.517400464  -71.755110156
    2.552734063  -72.481345575
    2.588067661  -73.154617887
    2.623401259  -73.799677338
    2.658734857  -74.455286774
    2.694068455  -75.163428148
    2.729402053  -75.956031785
    2.764735651  -76.836192312
    2.800069250  -77.771741426
    2.835402848  -78.706273378
    2.870736446  -79.585873405
    2.906070044  -80.391962984
    2.941403642  -81.149645747
    2.976737240  -81.903883814
    3.012070838  -82.685923384
    3.047404437  -83.492177603
    3.082738035  -84.302736249
    3.118071633  -85.096366092
    3.153405231  -85.854187121
    3.188738829  -86.559994277
    3.224072427  -87.208915103
    3.259406025  -87.796255091
    3.294739624  -88.312955779
    3.330073222  -88.749916622
    3.365406820  -89.117554428
    3.400740418  -89.455852407
    3.436074016  -89.819963894
    3.471407614  -90.245403139
    3.506741212  -90.735048104
    3.542074811  -91.276609443
    3.577408409  -91.854220392
    3.612742007  -92.464505735
    3.648075605  -93.119253815
    3.683409203  -93.830598709
    3.718742801  -94.590793560
    3.754076399  -95.369757297
    3.789409998  -96.140828367
    3.824743596  -96.901410666
    3.860077194  -97.670530461
    3.895410792  -98.463416137
    3.930744390  -99.282138327
    3.966077988 -100.121003039
    4.001411586 -100.974954952
    4.036745185 -101.841650174
    4.072078783 -102.725110132
    4.107412381 -103.624858314
    4.142745979 -104.522039137
    4.178079577 -105.391752198
    4.213413175 -106.222877447
    4.248746773 -107.025466940
    4.284080372 -107.814653905
    4.319413970 -108.596950704
    4.354747568 -109.367398940
    4.390081166 -110.105996388
    4.425414764 -110.791129503
    4.460748362 -111.423435544
    4.496081960 -112.025504027
    4.531415559 -112.616045939
    4.566749157 -113.190452422
    4.602082755 -113.725578038
    4.637416353 -114.203324400
    4.672749951 -114.623159700
    4.708083549 -115.006048886
    4.743417147 -115.384354588
    4.778750746 -115.777218856
    4.814084344 -116.181797864
    4.849417942 -116.579216365
    4.884751540 -116.961289998
    4.920085138 -117.344028321
    4.955418736 -117.758858270
    4.990752334 -118.220327350
    5.026085933 -118.719066695
    5.061419531 -119.231336812
    5.096753129 -119.738392651
    5.132086727 -120.222411095
    5.167420325 -120.674767418
    5.202753923 -121.101515924
    5.238087521 -121.540526169
    5.273421120 -122.037830733
    5.308754718 -122.615270718
    5.344088316 -123.254422781
    5.379421914 -123.904234569
    5.414755512 -124.512792616
    5.450089110 -125.050915120
    5.485422708 -125.518500914
    5.520756307 -125.937731711
    5.556089905 -126.331766774
    5.591423503 -126.716746309
    5.626757101 -127.093828792
    5.662090699 -127.455418703
    5.697424297 -127.787278384
    5.732757895 -128.067751995
    5.768091493 -128.284919953
    5.803425092 -128.455005746
    5.838758690 -128.609130068
    5.874092288 -128.760606833
    5.909425886 -128.896928068
    5.944759484 -129.009944217
    5.980093082 -129.106351001
    6.015426680 -129.202339856
    6.050760279 -129.306189031
    6.086093877 -129.418471692
    6.121427475 -129.543013832
    6.156761073 -129.684499644
    6.192094671 -129.844506775
    6.227428269 -130.026902073
    6.262761867 -130.244076339
    6.298095466 -130.511038696
    6.333429064 -130.823375265
    6.368762662 -131.147334403
    6.404096260 -131.430956306
    6.439429858 -131.637867430
    6.474763456 -131.777650969
    6.510097054 -131.889429330
    6.545430653 -132.012112254
    6.580764251 -132.150659371
    6.616097849 -132.285872813
    6.651431447 -132.391915523
    6.686765045 -132.458183352
    6.722098643 -132.491303007
    6.757432241 -132.517763103
    6.792765840 -132.562571905
    6.828099438 -132.638021924
    6.863433036 -132.739088805
    6.898766634 -132.860068329
    6.934100232 -132.990404824
    6.969433830 -133.116449313
    7.004767428 -133.229555095
    7.040101027 -133.334565479
    7.075434625 -133.449600729
    7.110768223 -133.594115394
    7.146101821 -133.768875940
    7.181435419 -133.954590859
    7.216769017 -134.122667753
    7.252102615 -134.245803306
    7.287436214 -134.315441532
    7.322769812 -134.354540414
    7.358103410 -134.412079363
    7.393437008 -134.548837234
    7.428770606 -134.808202816
    7.464104204 -135.194718068
    7.499437802 -135.675643644
    7.534771401 -136.202924402
    7.570104999 -136.735441540
    7.605438597 -137.259891195
    7.640772195 -137.791023957
    7.676105793 -138.355488724
    7.711439391 -138.968994224
    7.746772989 -139.620599623
    7.782106588 -140.270753010
    7.817440186 -140.882567765
    7.852773784 -141.464667321
    7.888107382 -142.068454588
    7.923440980 -142.743653533
    7.958774578 -143.474164896
    7.994108176 -144.159969676
    8.029441775 -144.674992418
    8.064775373 -144.956986203
    8.100108971 -145.033041524
    8.135442569 -144.986683132
    8.170776167 -144.893033090
    8.206109765 -144.794092122
    8.241443363 -144.697066783
    8.276776962 -144.601266501
    8.312110560 -144.516695294
    8.347444158 -144.460659480
    8.382777756 -144.453443173
    8.418111354 -144.493568547
    8.453444952 -144.561778967
    8.488778550 -144.647690298
    8.524112149 -144.766662441
    8.559445747 -144.948213778
    8.594779345 -145.204838659
    8.630112943 -145.519228490
    8.665446541 -145.865913170
    8.700780139 -146.233056640
    8.736113737 -146.619883688
    8.771447336 -147.023046105
    8.806780934 -147.425601888
    8.842114532 -147.797659544
    8.877448130 -148.112761721
    8.912781728 -148.365791943
    8.948115326 -148.583180339
    8.983448924 -148.798560474
    9.018782523 -149.017483405
    9.054116121 -149.205091414
    9.089449719 -149.315798048
    9.124783317 -149.349291580
    9.160116915 -149.359486325
    9.195450513 -149.409309969
    9.230784111 -149.513984829
    9.266117710 -149.630880415
    9.301451308 -149.702112539
    9.336784906 -149.703543371
    9.372118504 -149.642583532
    9.407452102 -149.532448207
    9.442785700 -149.380378426
    9.478119298 -149.200841411
    9.513452897 -149.020233368
    9.548786495 -148.879536354
    9.584120093 -148.814169560
    9.619453691 -148.840147210
    9.654787289 -148.938122715
    9.690120887 -149.054615229
    9.725454485 -149.112501625
    9.760788084 -149.029929012
    9.796121682 -148.744322419
    9.831455280 -148.233509049
    9.866788878 -147.515781111
    9.902122476 -146.643710723
    9.937456074 -145.709102912
    9.972789672 -144.839579093
   10.008123271 -144.159691640
   10.043456869 -143.753173315
   10.078790467 -143.641586924
   10.114124065 -143.765420200
   10.149457663 -144.024742682
   10.184791261 -144.341210224
   10.220124859 -144.668724033
   10.255458458 -144.959816666
   10.290792056 -145.161453367
   10.326125654 -145.231894220
   10.361459252 -145.165665081
   10.396792850 -144.977356394
   10.432126448 -144.686301199
   10.467460046 -144.324733134
   10.502793645 -143.956726724
   10.538127243 -143.678908378
   10.573460841 -143.563531119
   10.608794439 -143.572605700
   10.644128037 -143.542993409
   10.679461635 -143.246549353
   10.714795233 -142.589956377
   10.750128832 -141.789349408
   10.785462430 -141.294669721
   10.820796028 -141.379706557
   10.856129626 -141.638562366
   10.891463224 -140.577830467
   10.926796822 -135.613036290
   10.962130420 -124.384625661
   10.997464019 -106.605232885
   11.032797617  -84.642535397
   11.068131215  -62.458465988
   11.103464813  -43.713904331
   11.138798411  -30.277434900
   11.174132009  -22.030748300
   11.209465607  -17.691751915
   11.244799206  -15.718338458
   11.280132804  -14.922976082
   11.315466402  -14.634385562
   11.350800000  -14.537453945
