#! FIELDS ab2 projection
#! SET min_ab2 -0.350488
#! SET max_ab2 11.3486
#! SET nbins_ab2  332
#! SET periodic_ab2 false
   -0.350488000  -14.431139547
   -0.315143323  -14.461670718
   -0.279798647  -14.559928509
   -0.244453970  -14.852318288
   -0.209109293  -15.687383867
   -0.173764616  -17.995672500
   -0.138419940  -23.474205522
   -0.103075263  -33.413255610
   -0.067730586  -47.851237256
   -0.032385909  -65.364825078
    0.002958767  -83.164341538
    0.038303444  -98.083216014
    0.073648121 -107.955812872
    0.108992798 -112.527713409
    0.144337474 -113.288751346
    0.179682151 -112.415454914
    0.215026828 -111.613409345
    0.250371505 -111.551530304
    0.285716181 -112.027246452
    0.321060858 -112.520340140
    0.356405535 -112.676901289
    0.391750211 -112.470551161
    0.427094888 -112.080871917
    0.462439565 -111.730795699
    0.497784242 -111.529967836
    0.533128918 -111.487643861
    0.568473595 -111.570832823
    0.603818272 -111.756501481
    0.639162949 -112.055289528
    0.674507625 -112.486447484
    0.709852302 -113.032679689
    0.745196979 -113.635667170
    0.780541656 -114.233176542
    0.815886332 -114.779762414
    0.851231009 -115.246855932
    0.886575686 -115.627089835
    0.921920363 -115.935371399
    0.957265039 -116.218349145
    0.992609716 -116.543078866
    1.027954393 -116.956026114
    1.063299069 -117.438111195
    1.098643746 -117.879345670
    1.133988423 -118.128313075
    1.169333100 -118.096316107
    1.204677776 -117.812994903
    1.240022453 -117.387225239
    1.275367130 -116.928499362
    1.310711807 -116.489763735
    1.346056483 -116.077451722
    1.381401160 -115.695465528
    1.416745837 -115.365575742
    1.452090514 -115.110179675
    1.487435190 -114.929834427
    1.522779867 -114.813232018
    1.558124544 -114.755426674
    1.593469221 -114.769349417
    1.628813897 -114.871372786
    1.664158574 -115.064836678
    1.699503251 -115.332053519
    1.734847927 -115.633398396
    1.770192604 -115.923133719
    1.805537281 -116.170948176
    1.840881958 -116.369665895
    1.876226634 -116.533573606
    1.911571311 -116.690433356
    1.946915988 -116.875029036
    1.982260665 -117.110265500
    2.017605341 -117.388315263
    2.052950018 -117.664301240
    2.088294695 -117.873549324
    2.123639372 -117.954835270
    2.158984048 -117.875986876
    2.194328725 -117.648349175
    2.229673402 -117.322088600
    2.265018079 -116.962081107
    2.300362755 -116.620307018
    2.335707432 -116.325327233
    2.371052109 -116.091389184
    2.406396785 -115.926411847
    2.441741462 -115.826949368
    2.477086139 -115.779340842
    2.512430816 -115.765629904
    2.547775492 -115.775986812
    2.583120169 -115.799364313
    2.618464846 -115.819545398
    2.653809523 -115.827345873
    2.689154199 -115.833079287
    2.724498876 -115.860716468
    2.759843553 -115.917689766
    2.795188230 -115.986512868
    2.830532906 -116.045670056
    2.865877583 -116.097587846
    2.901222260 -116.167621939
    2.936566937 -116.291314604
    2.971911613 -116.491141229
    3.007256290 -116.752466932
    3.042600967 -117.024390244
    3.077945644 -117.248930732
    3.113290320 -117.392067375
    3.148634997 -117.445735608
    3.183979674 -117.426768264
    3.219324350 -117.376993001
    3.254669027 -117.358457503
    3.290013704 -117.428943468
    3.325358381 -117.615593439
    3.360703057 -117.894645465
    3.396047734 -118.197820991
    3.431392411 -118.446998806
    3.466737088 -118.599560724
    3.502081764 -118.670707785
    3.537426441 -118.701590688
    3.572771118 -118.716010202
    3.608115795 -118.718596101
    3.643460471 -118.718657941
    3.678805148 -118.727586474
    3.714149825 -118.737410888
    3.749494502 -118.721033561
    3.784839178 -118.659636450
    3.820183855 -118.558766798
    3.855528532 -118.437756654
    3.890873208 -118.313361916
    3.926217885 -118.195759454
    3.961562562 -118.084880605
    3.996907239 -117.964231309
    4.032251915 -117.803320714
    4.067596592 -117.579975757
    4.102941269 -117.300936310
    4.138285946 -117.005431017
    4.173630622 -116.738811736
    4.208975299 -116.522887754
    4.244319976 -116.349145248
    4.279664653 -116.202210570
    4.315009329 -116.094238720
    4.350354006 -116.075619983
    4.385698683 -116.215597231
    4.421043360 -116.550013786
    4.456388036 -117.045250685
    4.491732713 -117.626916888
    4.527077390 -118.235625797
    4.562422066 -118.830044206
    4.597766743 -119.369832014
    4.633111420 -119.823690725
    4.668456097 -120.189339860
    4.703800773 -120.493902351
    4.739145450 -120.759980206
    4.774490127 -120.968634091
    4.809834804 -121.078620151
    4.845179480 -121.078095922
    4.880524157 -120.991200535
    4.915868834 -120.831143997
    4.951213511 -120.558083632
    4.986558187 -120.100437370
    5.021902864 -119.393663620
    5.057247541 -118.423418292
    5.092592218 -117.281092229
    5.127936894 -116.186595099
    5.163281571 -115.362158433
    5.198626248 -114.888598270
    5.233970924 -114.711673518
    5.269315601 -114.727662980
    5.304660278 -114.846749182
    5.340004955 -115.017371161
    5.375349631 -115.225440537
    5.410694308 -115.477825593
    5.446038985 -115.780942092
    5.481383662 -116.133871196
    5.516728338 -116.542357796
    5.552073015 -117.012499877
    5.587417692 -117.508404495
    5.622762369 -117.956830325
    5.658107045 -118.319998412
    5.693451722 -118.614920360
    5.728796399 -118.861731357
    5.764141076 -119.030755249
    5.799485752 -119.039755262
    5.834830429 -118.811101924
    5.870175106 -118.324330039
    5.905519782 -117.627413922
    5.940864459 -116.832614186
    5.976209136 -116.086548330
    6.011553813 -115.472668901
    6.046898489 -114.940403981
    6.082243166 -114.417743219
    6.117587843 -113.917337241
    6.152932520 -113.500593659
    6.188277196 -113.199809502
    6.223621873 -112.994250346
    6.258966550 -112.831754627
    6.294311227 -112.666707252
    6.329655903 -112.476592867
    6.365000580 -112.268470939
    6.400345257 -112.061024828
    6.435689934 -111.871589335
    6.471034610 -111.716208179
    6.506379287 -111.624628421
    6.541723964 -111.639417232
    6.577068640 -111.789909413
    6.612413317 -112.084406071
    6.647757994 -112.540781844
    6.683102671 -113.217060970
    6.718447347 -114.190188114
    6.753792024 -115.489689338
    6.789136701 -117.036511118
    6.824481378 -118.654492594
    6.859826054 -120.152867061
    6.895170731 -121.395922344
    6.930515408 -122.304305855
    6.965860085 -122.854494639
    7.001204761 -123.070320908
    7.036549438 -122.995654609
    7.071894115 -122.664726167
    7.107238792 -122.123136504
    7.142583468 -121.449292683
    7.177928145 -120.729452411
    7.213272822 -120.012591528
    7.248617498 -119.303895287
    7.283962175 -118.598672217
    7.319306852 -117.918413145
    7.354651529 -117.299441463
    7.389996205 -116.763930978
    7.425340882 -116.300395966
    7.460685559 -115.898840527
    7.496030236 -115.588788789
    7.531374912 -115.438021650
    7.566719589 -115.500003372
    7.602064266 -115.773665401
    7.637408943 -116.212299363
    7.672753619 -116.749936892
    7.708098296 -117.328819827
    7.743442973 -117.929804586
    7.778787650 -118.587206764
    7.814132326 -119.359408126
    7.849477003 -120.257007270
    7.884821680 -121.218897444
    7.920166356 -122.148764116
    7.955511033 -122.964674389
    7.990855710 -123.624685398
    8.026200387 -124.086237038
    8.061545063 -124.272262501
    8.096889740 -124.117122920
    8.132234417 -123.629861634
    8.167579094 -122.913425979
    8.202923770 -122.117490569
    8.238268447 -121.370860093
    8.273613124 -120.737785489
    8.308957801 -120.224742439
    8.344302477 -119.846749585
    8.379647154 -119.669445314
    8.414991831 -119.760425607
    8.450336508 -120.111586381
    8.485681184 -120.684099051
    8.521025861 -121.465337421
    8.556370538 -122.430257121
    8.591715215 -123.506463049
    8.627059891 -124.594810081
    8.662404568 -125.620562618
    8.697749245 -126.548538563
    8.733093921 -127.363925459
    8.768438598 -128.082402828
    8.803783275 -128.781409353
    8.839127952 -129.556901247
    8.874472628 -130.400959873
    8.909817305 -131.102606515
    8.945161982 -131.326298987
    8.980506659 -130.834751955
    9.015851335 -129.682557343
    9.051196012 -128.212498985
    9.086540689 -126.858690737
    9.121885366 -125.902381185
    9.157230042 -125.356189485
    9.192574719 -125.057800998
    9.227919396 -124.862120800
    9.263264073 -124.729837779
    9.298608749 -124.687921646
    9.333953426 -124.765205432
    9.369298103 -124.960616621
    9.404642779 -125.241622825
    9.439987456 -125.554874493
    9.475332133 -125.861988693
    9.510676810 -126.181348048
    9.546021486 -126.567115484
    9.581366163 -127.054313986
    9.616710840 -127.658175501
    9.652055517 -128.377925363
    9.687400193 -129.165425440
    9.722744870 -129.918753670
    9.758089547 -130.554644448
    9.793434224 -131.106448687
    9.828778900 -131.712811188
    9.864123577 -132.442740167
    9.899468254 -133.082045889
    9.934812931 -133.133694534
    9.970157607 -132.147705794
   10.005502284 -130.064429622
   10.040846961 -127.240813544
   10.076191637 -124.200367324
   10.111536314 -121.342459539
   10.146880991 -118.822190278
   10.182225668 -116.620635148
   10.217570344 -114.682385762
   10.252915021 -112.996645081
   10.288259698 -111.620816738
   10.323604375 -110.630279934
   10.358949051 -110.045798122
   10.394293728 -109.789308133
   10.429638405 -109.709590706
   10.464983082 -109.677533010
   10.500327758 -109.659371631
   10.535672435 -109.717099342
   10.571017112 -109.917381100
   10.606361789 -110.216014520
   10.641706465 -110.459724039
   10.677051142 -110.475654326
   10.712395819 -110.224806866
   10.747740495 -109.910002463
   10.783085172 -109.927950149
   10.818429849 -110.587391519
   10.853774526 -111.587015028
   10.889119202 -111.552912281
   10.924463879 -108.228048028
   10.959808556  -99.624989065
   10.995153233  -85.435332047
   11.030497909  -67.549091493
   11.065842586  -49.257406648
   11.101187263  -33.712187736
   11.136531940  -22.742978890
   11.171876616  -16.994633342
   11.207221293  -15.144739696
   11.242565970  -14.642777949
   11.277910647  -14.489722997
   11.313255323  -14.440302083
   11.348600000  -14.424458794
