#! FIELDS ab2 projection
#! SET min_ab2 -0.350488
#! SET max_ab2 11.3486
#! SET nbins_ab2  332
#! SET periodic_ab2 false
   -0.350488000  -14.427799851
   -0.315143323  -14.448803660
   -0.279798647  -14.516702164
   -0.244453970  -14.720167481
   -0.209109293  -15.310933765
   -0.173764616  -17.031709694
   -0.138419940  -21.526710517
   -0.103075263  -30.192428124
   -0.067730586  -42.961604660
   -0.032385909  -58.589518278
    0.002958767  -74.671037156
    0.038303444  -88.342884321
    0.073648121  -97.495840687
    0.108992798 -101.682285752
    0.144337474 -102.110647117
    0.179682151 -100.777551420
    0.215026828  -99.388967520
    0.250371505  -98.746608668
    0.285716181  -98.793671811
    0.321060858  -99.059413778
    0.356405535  -99.126271200
    0.391750211  -98.851158946
    0.427094888  -98.311247541
    0.462439565  -97.668451663
    0.497784242  -97.025228878
    0.533128918  -96.419182011
    0.568473595  -95.862474353
    0.603818272  -95.352160587
    0.639162949  -94.877739955
    0.674507625  -94.455270268
    0.709852302  -94.140137860
    0.745196979  -93.997080966
    0.780541656  -94.053250876
    0.815886332  -94.289304278
    0.851231009  -94.672225840
    0.886575686  -95.213651989
    0.921920363  -95.984505229
    0.957265039  -97.054664291
    0.992609716  -98.413459250
    1.027954393  -99.923078152
    1.063299069 -101.335267026
    1.098643746 -102.379378563
    1.133988423 -102.882343435
    1.169333100 -102.832365562
    1.204677776 -102.370575155
    1.240022453 -101.702485830
    1.275367130 -100.981331293
    1.310711807 -100.247347956
    1.346056483  -99.480206653
    1.381401160  -98.684776897
    1.416745837  -97.907117257
    1.452090514  -97.201712069
    1.487435190  -96.594054700
    1.522779867  -96.084425904
    1.558124544  -95.664498121
    1.593469221  -95.338964010
    1.628813897  -95.126027874
    1.664158574  -95.057072044
    1.699503251  -95.166777440
    1.734847927  -95.474124847
    1.770192604  -95.966711394
    1.805537281  -96.587649735
    1.840881958  -97.252063351
    1.876226634  -97.901312055
    1.911571311  -98.546905769
    1.946915988  -99.248786117
    1.982260665 -100.051357763
    2.017605341 -100.933729798
    2.052950018 -101.814620963
    2.088294695 -102.597528696
    2.123639372 -103.209071268
    2.158984048 -103.621972813
    2.194328725 -103.858049477
    2.229673402 -103.969276467
    2.265018079 -104.015254085
    2.300362755 -104.035485111
    2.335707432 -104.036578144
    2.371052109 -104.004182259
    2.406396785 -103.935517602
    2.441741462 -103.854448004
    2.477086139 -103.794470692
    2.512430816 -103.782055413
    2.547775492 -103.845605324
    2.583120169 -104.024470552
    2.618464846 -104.361451060
    2.653809523 -104.875289655
    2.689154199 -105.547492565
    2.724498876 -106.321412342
    2.759843553 -107.117074665
    2.795188230 -107.856351311
    2.830532906 -108.485259146
    2.865877583 -108.993335573
    2.901222260 -109.398730503
    2.936566937 -109.722201966
    2.971911613 -109.943761894
    3.007256290 -109.995030819
    3.042600967 -109.812048173
    3.077945644 -109.385397476
    3.113290320 -108.777510955
    3.148634997 -108.093445362
    3.183979674 -107.450747085
    3.219324350 -106.937466242
    3.254669027 -106.600960039
    3.290013704 -106.445975091
    3.325358381 -106.449234340
    3.360703057 -106.580197474
    3.396047734 -106.835856949
    3.431392411 -107.248135802
    3.466737088 -107.842663182
    3.502081764 -108.581435812
    3.537426441 -109.371649973
    3.572771118 -110.131767067
    3.608115795 -110.830087333
    3.643460471 -111.477122966
    3.678805148 -112.102703963
    3.714149825 -112.734482166
    3.749494502 -113.379695624
    3.784839178 -114.010954407
    3.820183855 -114.576924072
    3.855528532 -115.038065254
    3.890873208 -115.387831873
    3.926217885 -115.643434703
    3.961562562 -115.817153094
    3.996907239 -115.895735747
    4.032251915 -115.844432437
    4.067596592 -115.643194247
    4.102941269 -115.312259954
    4.138285946 -114.913679902
    4.173630622 -114.518553711
    4.208975299 -114.180839320
    4.244319976 -113.925835583
    4.279664653 -113.775434362
    4.315009329 -113.782063538
    4.350354006 -114.026454291
    4.385698683 -114.556950067
    4.421043360 -115.317730639
    4.456388036 -116.182054395
    4.491732713 -117.040159092
    4.527077390 -117.841121934
    4.562422066 -118.563217415
    4.597766743 -119.184969272
    4.633111420 -119.691032516
    4.668456097 -120.090882081
    4.703800773 -120.419115676
    4.739145450 -120.702306546
    4.774490127 -120.923319967
    4.809834804 -121.041985347
    4.845179480 -121.047563650
    4.880524157 -120.965241892
    4.915868834 -120.808895329
    4.951213511 -120.538664270
    4.986558187 -120.082558533
    5.021902864 -119.375577693
    5.057247541 -118.403024098
    5.092592218 -117.256524753
    5.127936894 -116.157996659
    5.163281571 -115.332972306
    5.198626248 -114.863428236
    5.233970924 -114.692712470
    5.269315601 -114.714362811
    5.304660278 -114.837463818
    5.340004955 -115.010664611
    5.375349631 -115.220332989
    5.410694308 -115.473852279
    5.446038985 -115.777811412
    5.481383662 -116.131442742
    5.516728338 -116.540503493
    5.552073015 -117.011120624
    5.587417692 -117.507392109
    5.622762369 -117.956075680
    5.658107045 -118.319415546
    5.693451722 -118.614453621
    5.728796399 -118.861345611
    5.764141076 -119.030423494
    5.799485752 -119.039450033
    5.834830429 -118.810792810
    5.870175106 -118.323981497
    5.905519782 -117.626981957
    5.940864459 -116.832048838
    5.976209136 -116.085810019
    6.011553813 -115.471740239
    6.046898489 -114.939264182
    6.082243166 -114.416353973
    6.117587843 -113.915675178
    6.152932520 -113.498682691
    6.188277196 -113.197692707
    6.223621873 -112.991922381
    6.258966550 -112.829115578
    6.294311227 -112.663576069
    6.329655903 -112.472758316
    6.365000580 -112.263764188
    6.400345257 -112.055365217
    6.435689934 -111.864976602
    6.471034610 -111.708686953
    6.506379287 -111.616317151
    6.541723964 -111.630579083
    6.577068640 -111.780946018
    6.612413317 -112.075795915
    6.647757994 -112.533075502
    6.683102671 -113.210849700
    6.718447347 -114.185845726
    6.753792024 -115.487088963
    6.789136701 -117.035129071
    6.824481378 -118.653787988
    6.859826054 -120.152492779
    6.895170731 -121.395703779
    6.930515408 -122.304161690
    6.965860085 -122.854386171
    7.001204761 -123.070228041
    7.036549438 -122.995565142
    7.071894115 -122.664630512
    7.107238792 -122.123025483
    7.142583468 -121.449157617
    7.177928145 -120.729286379
    7.213272822 -120.012388665
    7.248617498 -119.303647140
    7.283962175 -118.598365681
    7.319306852 -117.918034229
    7.354651529 -117.298980709
    7.389996205 -116.763386196
    7.425340882 -116.299771645
    7.460685559 -115.898148485
    7.496030236 -115.588050483
    7.531374912 -115.437270223
    7.566719589 -115.499280354
    7.602064266 -115.773011462
    7.637408943 -116.211745222
    7.672753619 -116.749495159
    7.708098296 -117.328483906
    7.743442973 -117.929555885
    7.778787650 -118.587025672
    7.814132326 -119.359279044
    7.849477003 -120.256917262
    7.884821680 -121.218835005
    7.920166356 -122.148719806
    7.955511033 -122.964641389
    7.990855710 -123.624659192
    8.026200387 -124.086214469
    8.061545063 -124.272240831
    8.096889740 -124.117099076
    8.132234417 -123.629831448
    8.167579094 -122.913383648
    8.202923770 -122.117429172
    8.238268447 -121.370774173
    8.273613124 -120.737674042
    8.308957801 -120.224608354
    8.344302477 -119.846597798
    8.379647154 -119.669283772
    8.414991831 -119.760266333
    8.450336508 -120.111442100
    8.485681184 -120.683980538
    8.521025861 -121.465250970
    8.556370538 -122.430200917
    8.591715215 -123.506428984
    8.627059891 -124.594789598
    8.662404568 -125.620549935
    8.697749245 -126.548530450
    8.733093921 -127.363920124
    8.768438598 -128.082399236
    8.803783275 -128.781406936
    8.839127952 -129.556899678
    8.874472628 -130.400958891
    8.909817305 -131.102605871
    8.945161982 -131.326298481
    8.980506659 -130.834751429
    9.015851335 -129.682556646
    9.051196012 -128.212497980
    9.086540689 -126.858689440
    9.121885366 -125.902379849
    9.157230042 -125.356188372
    9.192574719 -125.057800175
    9.227919396 -124.862120207
    9.263264073 -124.729837349
    9.298608749 -124.687921331
    9.333953426 -124.765205209
    9.369298103 -124.960616474
    9.404642779 -125.241622738
    9.439987456 -125.554874447
    9.475332133 -125.861988671
    9.510676810 -126.181348038
    9.546021486 -126.567115480
    9.581366163 -127.054313984
    9.616710840 -127.658175500
    9.652055517 -128.377925362
    9.687400193 -129.165425440
    9.722744870 -129.918753670
    9.758089547 -130.554644448
    9.793434224 -131.106448687
    9.828778900 -131.712811188
    9.864123577 -132.442740167
    9.899468254 -133.082045889
    9.934812931 -133.133694534
    9.970157607 -132.147705794
   10.005502284 -130.064429622
   10.040846961 -127.240813544
   10.076191637 -124.200367324
   10.111536314 -121.342459539
   10.146880991 -118.822190278
   10.182225668 -116.620635148
   10.217570344 -114.682385762
   10.252915021 -112.996645081
   10.288259698 -111.620816738
   10.323604375 -110.630279934
   10.358949051 -110.045798122
   10.394293728 -109.789308133
   10.429638405 -109.709590706
   10.464983082 -109.677533010
   10.500327758 -109.659371631
   10.535672435 -109.717099342
   10.571017112 -109.917381100
   10.606361789 -110.216014520
   10.641706465 -110.459724039
   10.677051142 -110.475654326
   10.712395819 -110.224806866
   10.747740495 -109.910002463
   10.783085172 -109.927950149
   10.818429849 -110.587391519
   10.853774526 -111.587015028
   10.889119202 -111.552912281
   10.924463879 -108.228048028
   10.959808556  -99.624989065
   10.995153233  -85.435332047
   11.030497909  -67.549091493
   11.065842586  -49.257406648
   11.101187263  -33.712187736
   11.136531940  -22.742978890
   11.171876616  -16.994633342
   11.207221293  -15.144739696
   11.242565970  -14.642777949
   11.277910647  -14.489722997
   11.313255323  -14.440302083
   11.348600000  -14.424458794
