#! FIELDS ab2 projection
#! SET min_ab2 -0.350488
#! SET max_ab2 11.3486
#! SET nbins_ab2  332
#! SET periodic_ab2 false
   -0.350488000  -14.422486815
   -0.315143323  -14.428147786
   -0.279798647  -14.446796186
   -0.244453970  -14.502544979
   -0.209109293  -14.657256760
   -0.173764616  -15.073798785
   -0.138419940  -16.201666523
   -0.103075263  -19.048837304
   -0.067730586  -24.540498725
   -0.032385909  -32.349599325
    0.002958767  -41.346949983
    0.038303444  -50.045567248
    0.073648121  -57.027485189
    0.108992798  -61.499983855
    0.144337474  -63.563617952
    0.179682151  -64.008752096
    0.215026828  -63.806672057
    0.250371505  -63.646516773
    0.285716181  -63.750567305
    0.321060858  -63.965640681
    0.356405535  -64.009714437
    0.391750211  -63.690420368
    0.427094888  -62.979542269
    0.462439565  -61.975717570
    0.497784242  -60.829748599
    0.533128918  -59.688877039
    0.568473595  -58.679506028
    0.603818272  -57.899445101
    0.639162949  -57.423110858
    0.674507625  -57.304141858
    0.709852302  -57.570995152
    0.745196979  -58.226766046
    0.780541656  -59.256336472
    0.815886332  -60.634417680
    0.851231009  -62.323437264
    0.886575686  -64.261828612
    0.921920363  -66.374417637
    0.957265039  -68.608917202
    0.992609716  -70.925041492
    1.027954393  -73.182738978
    1.063299069  -75.091933113
    1.098643746  -76.363768540
    1.133988423  -76.910715533
    1.169333100  -76.882001306
    1.204677776  -76.545429809
    1.240022453  -76.141960605
    1.275367130  -75.813134797
    1.310711807  -75.573104421
    1.346056483  -75.331228308
    1.381401160  -74.981258131
    1.416745837  -74.488360621
    1.452090514  -73.906048559
    1.487435190  -73.339754659
    1.522779867  -72.903067413
    1.558124544  -72.684763930
    1.593469221  -72.729952963
    1.628813897  -73.034732662
    1.664158574  -73.572601666
    1.699503251  -74.323183809
    1.734847927  -75.274064234
    1.770192604  -76.405709901
    1.805537281  -77.676655216
    1.840881958  -79.021615253
    1.876226634  -80.365126103
    1.911571311  -81.643194463
    1.946915988  -82.797430894
    1.982260665  -83.744572111
    2.017605341  -84.359081974
    2.052950018  -84.508253571
    2.088294695  -84.118728858
    2.123639372  -83.219672737
    2.158984048  -81.935819311
    2.194328725  -80.444185301
    2.229673402  -78.920096576
    2.265018079  -77.499605934
    2.300362755  -76.251095032
    2.335707432  -75.175425458
    2.371052109  -74.239540234
    2.406396785  -73.426408789
    2.441741462  -72.755345171
    2.477086139  -72.259582907
    2.512430816  -71.955570217
    2.547775492  -71.840455706
    2.583120169  -71.894583867
    2.618464846  -72.082363128
    2.653809523  -72.346842240
    2.689154199  -72.623841763
    2.724498876  -72.863344570
    2.759843553  -73.041961491
    2.795188230  -73.158252035
    2.830532906  -73.224829098
    2.865877583  -73.267846894
    2.901222260  -73.310906761
    2.936566937  -73.347711823
    2.971911613  -73.329320105
    3.007256290  -73.183313080
    3.042600967  -72.850667192
    3.077945644  -72.308394866
    3.113290320  -71.591286736
    3.148634997  -70.800913718
    3.183979674  -70.085235740
    3.219324350  -69.568544768
    3.254669027  -69.295095267
    3.290013704  -69.234282967
    3.325358381  -69.323561539
    3.360703057  -69.499463780
    3.396047734  -69.718112451
    3.431392411  -69.958690490
    3.466737088  -70.218391825
    3.502081764  -70.500751596
    3.537426441  -70.798619943
    3.572771118  -71.094853322
    3.608115795  -71.373379517
    3.643460471  -71.631132742
    3.678805148  -71.866427071
    3.714149825  -72.057881820
    3.749494502  -72.172022391
    3.784839178  -72.177981802
    3.820183855  -72.054156176
    3.855528532  -71.778015766
    3.890873208  -71.336156002
    3.926217885  -70.750882929
    3.961562562  -70.087956235
    3.996907239  -69.433669507
    4.032251915  -68.856316522
    4.067596592  -68.387329751
    4.102941269  -68.027958440
    4.138285946  -67.760669116
    4.173630622  -67.561613021
    4.208975299  -67.406372423
    4.244319976  -67.271250433
    4.279664653  -67.126346234
    4.315009329  -66.949862283
    4.350354006  -66.746616724
    4.385698683  -66.549209691
    4.421043360  -66.395642827
    4.456388036  -66.296216363
    4.491732713  -66.227314094
    4.527077390  -66.149275257
    4.562422066  -66.032986612
    4.597766743  -65.876428160
    4.633111420  -65.690145300
    4.668456097  -65.466343872
    4.703800773  -65.162446382
    4.739145450  -64.718973678
    4.774490127  -64.111353298
    4.809834804  -63.381949867
    4.845179480  -62.632591655
    4.880524157  -61.982390321
    4.915868834  -61.513055454
    4.951213511  -61.237469332
    4.986558187  -61.107780854
    5.021902864  -61.057698154
    5.057247541  -61.050857578
    5.092592218  -61.103283667
    5.127936894  -61.256190669
    5.163281571  -61.526178127
    5.198626248  -61.884767608
    5.233970924  -62.281714627
    5.269315601  -62.674785257
    5.304660278  -63.040343181
    5.340004955  -63.369366948
    5.375349631  -63.666515163
    5.410694308  -63.952171490
    5.446038985  -64.250457136
    5.481383662  -64.578748474
    5.516728338  -64.940389121
    5.552073015  -65.325125795
    5.587417692  -65.720745518
    5.622762369  -66.121234683
    5.658107045  -66.535148101
    5.693451722  -66.983641170
    5.728796399  -67.496951490
    5.764141076  -68.098958874
    5.799485752  -68.789335407
    5.834830429  -69.530249704
    5.870175106  -70.257619622
    5.905519782  -70.907429260
    5.940864459  -71.430158298
    5.976209136  -71.792084919
    6.011553813  -71.983413661
    6.046898489  -72.032750079
    6.082243166  -71.999618605
    6.117587843  -71.935851633
    6.152932520  -71.848832919
    6.188277196  -71.698346697
    6.223621873  -71.433576237
    6.258966550  -71.050775734
    6.294311227  -70.624508780
    6.329655903  -70.274859366
    6.365000580  -70.094567233
    6.400345257  -70.097366871
    6.435689934  -70.244543735
    6.471034610  -70.489821355
    6.506379287  -70.805539919
    6.541723964  -71.169524205
    6.577068640  -71.540656772
    6.612413317  -71.868357820
    6.647757994  -72.117799837
    6.683102671  -72.267013298
    6.718447347  -72.290955620
    6.753792024  -72.172355203
    6.789136701  -71.938564387
    6.824481378  -71.690502505
    6.859826054  -71.577136229
    6.895170731  -71.686761143
    6.930515408  -71.961569561
    6.965860085  -72.249905814
    7.001204761  -72.411767780
    7.036549438  -72.374249431
    7.071894115  -72.145583348
    7.107238792  -71.804312139
    7.142583468  -71.438563628
    7.177928145  -71.087072983
    7.213272822  -70.760352757
    7.248617498  -70.482110863
    7.283962175  -70.278391119
    7.319306852  -70.142977918
    7.354651529  -70.037011083
    7.389996205  -69.930202167
    7.425340882  -69.825546898
    7.460685559  -69.739715295
    7.496030236  -69.673778572
    7.531374912  -69.612694593
    7.566719589  -69.548354090
    7.602064266  -69.493615341
    7.637408943  -69.466355701
    7.672753619  -69.467664678
    7.708098296  -69.489841096
    7.743442973  -69.551420941
    7.778787650  -69.707249595
    7.814132326  -70.012405913
    7.849477003  -70.472553944
    7.884821680  -71.035139158
    7.920166356  -71.604612228
    7.955511033  -72.077428864
    7.990855710  -72.377492087
    8.026200387  -72.471446278
    8.061545063  -72.380859830
    8.096889740  -72.184011199
    8.132234417  -71.978963440
    8.167579094  -71.829877803
    8.202923770  -71.744777199
    8.238268447  -71.697110946
    8.273613124  -71.658969152
    8.308957801  -71.619230777
    8.344302477  -71.592187475
    8.379647154  -71.618006097
    8.414991831  -71.740924100
    8.450336508  -71.952866686
    8.485681184  -72.196646488
    8.521025861  -72.438247991
    8.556370538  -72.709874490
    8.591715215  -73.076359716
    8.627059891  -73.571172972
    8.662404568  -74.175606502
    8.697749245  -74.861229342
    8.733093921  -75.658597245
    8.768438598  -76.684361183
    8.803783275  -78.062646785
    8.839127952  -79.791502899
    8.874472628  -81.692092347
    8.909817305  -83.443286280
    8.945161982  -84.668650130
    8.980506659  -85.059176455
    9.015851335  -84.517784508
    9.051196012  -83.260755372
    9.086540689  -81.839146798
    9.121885366  -80.948223306
    9.157230042  -80.871474200
    9.192574719  -81.324703961
    9.227919396  -81.972947141
    9.263264073  -82.642016183
    9.298608749  -83.252507305
    9.333953426  -83.757555262
    9.369298103  -84.126812323
    9.404642779  -84.345295374
    9.439987456  -84.397771606
    9.475332133  -84.253569480
    9.510676810  -83.883925675
    9.546021486  -83.289575406
    9.581366163  -82.513386546
    9.616710840  -81.649334263
    9.652055517  -80.809752196
    9.687400193  -80.061704464
    9.722744870  -79.387430061
    9.758089547  -78.740371829
    9.793434224  -78.153189502
    9.828778900  -77.760738716
    9.864123577  -77.669267488
    9.899468254  -77.728055710
    9.934812931  -77.598473461
    9.970157607  -77.197013056
   10.005502284  -76.872157115
   10.040846961  -76.930649983
   10.076191637  -77.353906308
   10.111536314  -78.021977325
   10.146880991  -78.810888376
   10.182225668  -79.596105279
   10.217570344  -80.289666132
   10.252915021  -80.864493836
   10.288259698  -81.348439391
   10.323604375  -81.782001548
   10.358949051  -82.164293386
   10.394293728  -82.442191127
   10.429638405  -82.544048421
   10.464983082  -82.434642463
   10.500327758  -82.139799383
   10.535672435  -81.734455991
   10.571017112  -81.311773814
   10.606361789  -80.962047570
   10.641706465  -80.740086283
   10.677051142  -80.620115826
   10.712395819  -80.538447164
   10.747740495  -80.543461935
   10.783085172  -80.834401935
   10.818429849  -81.520904751
   10.853774526  -82.179120285
   10.889119202  -81.605914299
   10.924463879  -78.225534518
   10.959808556  -71.015328563
   10.995153233  -60.249449057
   11.030497909  -47.537898623
   11.065842586  -35.130629524
   11.101187263  -24.986193087
   11.136531940  -18.429757870
   11.171876616  -15.658867314
   11.207221293  -14.814538400
   11.242565970  -14.550274375
   11.277910647  -14.461577971
   11.313255323  -14.431997811
   11.348600000  -14.422530479
