#! FIELDS ab2 projection
#! SET min_ab2 -0.350488
#! SET max_ab2 11.3486
#! SET nbins_ab2  332
#! SET periodic_ab2 false
   -0.350488000  -14.423101399
   -0.315143323  -14.430805469
   -0.279798647  -14.456103249
   -0.244453970  -14.531224295
   -0.209109293  -14.736254852
   -0.173764616  -15.267066696
   -0.138419940  -16.594068046
   -0.103075263  -19.596374757
   -0.067730586  -25.013135474
   -0.032385909  -32.658801050
    0.002958767  -41.542227285
    0.038303444  -50.187252920
    0.073648121  -57.158662771
    0.108992798  -61.656409191
    0.144337474  -63.784802150
    0.179682151  -64.336732883
    0.215026828  -64.272054031
    0.250371505  -64.265072783
    0.285716181  -64.550100309
    0.321060858  -65.029586119
    0.356405535  -65.512681069
    0.391750211  -65.900272985
    0.427094888  -66.194967757
    0.462439565  -66.427849176
    0.497784242  -66.633795037
    0.533128918  -66.835461823
    0.568473595  -67.023813770
    0.603818272  -67.163588688
    0.639162949  -67.217485680
    0.674507625  -67.167412135
    0.709852302  -67.025869518
    0.745196979  -66.835278456
    0.780541656  -66.658478807
    0.815886332  -66.568933463
    0.851231009  -66.665828951
    0.886575686  -67.094808741
    0.921920363  -68.002954707
    0.957265039  -69.436068046
    0.992609716  -71.302721103
    1.027954393  -73.348304859
    1.063299069  -75.170804939
    1.098643746  -76.409312124
    1.133988423  -76.943110012
    1.169333100  -76.908539254
    1.204677776  -76.568633177
    1.240022453  -76.162936538
    1.275367130  -75.832632686
    1.310711807  -75.591507105
    1.346056483  -75.349005357
    1.381401160  -74.999268138
    1.416745837  -74.507670735
    1.452090514  -73.927372423
    1.487435190  -73.362866782
    1.522779867  -72.926609118
    1.558124544  -72.706763558
    1.593469221  -72.748694475
    1.628813897  -73.049496329
    1.664158574  -73.583614120
    1.699503251  -74.331080757
    1.734847927  -75.279497235
    1.770192604  -76.409271343
    1.805537281  -77.678895764
    1.840881958  -79.023008245
    1.876226634  -80.366013087
    1.911571311  -81.643786795
    1.946915988  -82.797851774
    1.982260665  -83.744897679
    2.017605341  -84.359367568
    2.052950018  -84.508551418
    2.088294695  -84.119108560
    2.123639372  -83.220258141
    2.158984048  -81.936856803
    2.194328725  -80.446147735
    2.229673402  -78.923780678
    2.265018079  -77.506136486
    2.300362755  -76.261831101
    2.335707432  -75.191921879
    2.371052109  -74.263596180
    2.406396785  -73.459741835
    2.441741462  -72.798445645
    2.477086139  -72.310515089
    2.512430816  -72.010241023
    2.547775492  -71.894063419
    2.583120169  -71.943087658
    2.618464846  -72.123447392
    2.653809523  -72.380256173
    2.689154199  -72.650694345
    2.724498876  -72.885134745
    2.759843553  -73.060063863
    2.795188230  -73.173842150
    2.830532906  -73.238891781
    2.865877583  -73.281183397
    2.901222260  -73.324210972
    2.936566937  -73.361781880
    2.971911613  -73.345385429
    3.007256290  -73.203516354
    3.042600967  -72.878789371
    3.077945644  -72.351151965
    3.113290320  -71.660543774
    3.148634997  -70.916224621
    3.183979674  -70.273258330
    3.219324350  -69.856211430
    3.254669027  -69.700283018
    3.290013704  -69.761400261
    3.325358381  -69.966828865
    3.360703057  -70.253308690
    3.396047734  -70.588053207
    3.431392411  -70.964793389
    3.466737088  -71.387398487
    3.502081764  -71.851468548
    3.537426441  -72.331009601
    3.572771118  -72.791727267
    3.608115795  -73.215497733
    3.643460471  -73.612800504
    3.678805148  -74.006062378
    3.714149825  -74.404181327
    3.749494502  -74.809104250
    3.784839178  -75.235636368
    3.820183855  -75.718755885
    3.855528532  -76.297377795
    3.890873208  -77.001312857
    3.926217885  -77.847652457
    3.961562562  -78.830288628
    3.996907239  -79.901101970
    4.032251915  -80.973007923
    4.067596592  -81.963697684
    4.102941269  -82.845861439
    4.138285946  -83.645460564
    4.173630622  -84.402285644
    4.208975299  -85.130200175
    4.244319976  -85.812931107
    4.279664653  -86.425685244
    4.315009329  -86.959322706
    4.350354006  -87.423319224
    4.385698683  -87.829844944
    4.421043360  -88.178851517
    4.456388036  -88.465461533
    4.491732713  -88.693775540
    4.527077390  -88.866712436
    4.562422066  -88.972191437
    4.597766743  -88.990345658
    4.633111420  -88.916177428
    4.668456097  -88.766333358
    4.703800773  -88.574545376
    4.739145450  -88.390130542
    4.774490127  -88.286603615
    4.809834804  -88.353511972
    4.845179480  -88.659506573
    4.880524157  -89.209154301
    4.915868834  -89.931152498
    4.951213511  -90.720755467
    4.986558187  -91.495180334
    5.021902864  -92.219506968
    5.057247541  -92.892080397
    5.092592218  -93.525317964
    5.127936894  -94.122033922
    5.163281571  -94.666167274
    5.198626248  -95.115741057
    5.233970924  -95.419522682
    5.269315601  -95.545031618
    5.304660278  -95.490001880
    5.340004955  -95.261678008
    5.375349631  -94.865085795
    5.410694308  -94.313061981
    5.446038985  -93.645577314
    5.481383662  -92.921088050
    5.516728338  -92.187278705
    5.552073015  -91.456538474
    5.587417692  -90.715449241
    5.622762369  -89.941623810
    5.658107045  -89.126080415
    5.693451722  -88.289616748
    5.728796399  -87.480142293
    5.764141076  -86.741666834
    5.799485752  -86.093880821
    5.834830429  -85.537284301
    5.870175106  -85.075118140
    5.905519782  -84.712753558
    5.940864459  -84.436882113
    5.976209136  -84.206667557
    6.011553813  -83.984196833
    6.046898489  -83.766578875
    6.082243166  -83.587490275
    6.117587843  -83.474021106
    6.152932520  -83.413539438
    6.188277196  -83.358052638
    6.223621873  -83.255198270
    6.258966550  -83.083926651
    6.294311227  -82.864489069
    6.329655903  -82.631996873
    6.365000580  -82.405800015
    6.400345257  -82.174646211
    6.435689934  -81.910189957
    6.471034610  -81.582331842
    6.506379287  -81.168285736
    6.541723964  -80.657486591
    6.577068640  -80.057963570
    6.612413317  -79.402121780
    6.647757994  -78.735877369
    6.683102671  -78.096296528
    6.718447347  -77.507392293
    6.753792024  -77.011003123
    6.789136701  -76.697644274
    6.824481378  -76.669155080
    6.859826054  -76.931947557
    6.895170731  -77.351152255
    6.930515408  -77.718266689
    6.965860085  -77.838834764
    7.001204761  -77.586979389
    7.036549438  -76.952868018
    7.071894115  -76.062107281
    7.107238792  -75.141226648
    7.142583468  -74.397570430
    7.177928145  -73.899331592
    7.213272822  -73.598478695
    7.248617498  -73.422226587
    7.283962175  -73.322274762
    7.319306852  -73.284646302
    7.354651529  -73.323488152
    7.389996205  -73.470821701
    7.425340882  -73.759458145
    7.460685559  -74.205204318
    7.496030236  -74.799827940
    7.531374912  -75.512644752
    7.566719589  -76.293791351
    7.602064266  -77.084093610
    7.637408943  -77.841582536
    7.672753619  -78.554167654
    7.708098296  -79.216010882
    7.743442973  -79.800403432
    7.778787650  -80.278274053
    7.814132326  -80.649266239
    7.849477003  -80.914920828
    7.884821680  -81.048239611
    7.920166356  -80.998664394
    7.955511033  -80.732931803
    7.990855710  -80.258236236
    8.026200387  -79.619852730
    8.061545063  -78.895843605
    8.096889740  -78.195334857
    8.132234417  -77.642879265
    8.167579094  -77.339396204
    8.202923770  -77.320642007
    8.238268447  -77.553947025
    8.273613124  -77.983439803
    8.308957801  -78.581355755
    8.344302477  -79.334656476
    8.379647154  -80.202630206
    8.414991831  -81.094986586
    8.450336508  -81.901683060
    8.485681184  -82.573910363
    8.521025861  -83.169629319
    8.556370538  -83.787930557
    8.591715215  -84.463069878
    8.627059891  -85.153995835
    8.662404568  -85.800737872
    8.697749245  -86.349280744
    8.733093921  -86.765623771
    8.768438598  -87.073127716
    8.803783275  -87.364228106
    8.839127952  -87.739190967
    8.874472628  -88.214551129
    8.909817305  -88.676418100
    8.945161982  -88.918940775
    8.980506659  -88.743910877
    9.015851335  -88.092828918
    9.051196012  -87.135831948
    9.086540689  -86.192874588
    9.121885366  -85.527793455
    9.157230042  -85.224105883
    9.192574719  -85.229965704
    9.227919396  -85.457114153
    9.263264073  -85.844275457
    9.298608749  -86.364826857
    9.333953426  -86.999264677
    9.369298103  -87.716209807
    9.404642779  -88.476520475
    9.439987456  -89.229915170
    9.475332133  -89.922583543
    9.510676810  -90.552294029
    9.546021486  -91.206394217
    9.581366163  -91.989285187
    9.616710840  -92.893939380
    9.652055517  -93.776186255
    9.687400193  -94.459652830
    9.722744870  -94.843740034
    9.758089547  -94.964096089
    9.793434224  -94.979254865
    9.828778900  -95.064273373
    9.864123577  -95.255774906
    9.899468254  -95.366064063
    9.934812931  -95.062525790
    9.970157607  -94.089875367
   10.005502284  -92.475833230
   10.040846961  -90.554127181
   10.076191637  -88.765279074
   10.111536314  -87.392584535
   10.146880991  -86.451811129
   10.182225668  -85.819609179
   10.217570344  -85.400858615
   10.252915021  -85.157871815
   10.288259698  -85.067432370
   10.323604375  -85.108278122
   10.358949051  -85.259153926
   10.394293728  -85.498214360
   10.429638405  -85.815483579
   10.464983082  -86.237495177
   10.500327758  -86.812005122
   10.535672435  -87.552600900
   10.571017112  -88.393037494
   10.606361789  -89.197546517
   10.641706465  -89.801228325
   10.677051142  -90.055866611
   10.712395819  -89.929554195
   10.747740495  -89.610000588
   10.783085172  -89.454065385
   10.818429849  -89.693073786
   10.853774526  -89.990034456
   10.889119202  -89.170520450
   10.924463879  -85.529245999
   10.959808556  -77.779688299
   10.995153233  -66.043420813
   11.030497909  -52.055998292
   11.065842586  -38.375249675
   11.101187263  -27.161193223
   11.136531940  -19.612823006
   11.171876616  -16.064325488
   11.207221293  -14.932299539
   11.242565970  -14.586825346
   11.277910647  -14.473148455
   11.313255323  -14.435424604
   11.348600000  -14.423270263
