#! FIELDS ab2 projection
#! SET min_ab2 -0.350667
#! SET max_ab2 11.3477
#! SET nbins_ab2  332
#! SET periodic_ab2 false
   -0.350667000  -14.448958179
   -0.315324502  -14.464002023
   -0.279982003  -14.512748464
   -0.244639505  -14.657220723
   -0.209297006  -15.058428623
   -0.173954508  -16.138610597
   -0.138612009  -18.858200517
   -0.103269511  -24.393864149
   -0.067927012  -33.048677591
   -0.032584514  -44.194895328
    0.002757985  -56.373587454
    0.038100483  -67.580956217
    0.073442982  -76.068012653
    0.108785480  -81.100329988
    0.144127979  -83.152252384
    0.179470477  -83.465571940
    0.214812976  -83.336232552
    0.250155474  -83.580493294
    0.285497973  -84.398826036
    0.320840471  -85.574532142
    0.356182970  -86.780851679
    0.391525468  -87.790894646
    0.426867967  -88.521881999
    0.462210465  -88.996929732
    0.497552964  -89.275728412
    0.532895462  -89.412549019
    0.568237961  -89.446823558
    0.603580459  -89.393733819
    0.638922958  -89.257808790
    0.674265456  -89.056235700
    0.709607955  -88.829342845
    0.744950453  -88.620860498
    0.780292952  -88.451729776
    0.815635450  -88.310078777
    0.850977949  -88.171601321
    0.886320447  -88.032002152
    0.921662946  -87.920975419
    0.957005444  -87.885279608
    0.992347943  -87.963431505
    1.027690441  -88.148813030
    1.063032940  -88.365242974
    1.098375438  -88.496672184
    1.133717937  -88.467260350
    1.169060435  -88.292619572
    1.204402934  -88.050511138
    1.239745432  -87.824108938
    1.275087931  -87.668375797
    1.310430429  -87.600824017
    1.345772927  -87.606981700
    1.381115426  -87.654562265
    1.416457924  -87.710746040
    1.451800423  -87.753661840
    1.487142921  -87.772646706
    1.522485420  -87.763835237
    1.557827918  -87.730372734
    1.593170417  -87.679138444
    1.628512915  -87.623867338
    1.663855414  -87.580704381
    1.699197912  -87.560951645
    1.734540411  -87.566057141
    1.769882909  -87.589017400
    1.805225408  -87.615544326
    1.840567906  -87.636560705
    1.875910405  -87.657100276
    1.911252903  -87.703995904
    1.946595402  -87.833696495
    1.981937900  -88.112235543
    2.017280399  -88.564512034
    2.052622897  -89.132240641
    2.087965396  -89.681384013
    2.123307894  -90.065233517
    2.158650393  -90.196247369
    2.193992891  -90.079480162
    2.229335390  -89.794025785
    2.264677888  -89.445797158
    2.300020387  -89.131054904
    2.335362885  -88.914083303
    2.370705384  -88.817651419
    2.406047882  -88.830072894
    2.441390381  -88.919714292
    2.476732879  -89.053403298
    2.512075378  -89.202764177
    2.547417876  -89.351669317
    2.582760375  -89.502764584
    2.618102873  -89.678451262
    2.653445372  -89.904005605
    2.688787870  -90.178815532
    2.724130369  -90.462446413
    2.759472867  -90.690891252
    2.794815366  -90.816275659
    2.830157864  -90.832945063
    2.865500363  -90.776777051
    2.900842861  -90.704069379
    2.936185360  -90.657513521
    2.971527858  -90.649032096
    3.006870356  -90.646067124
    3.042212855  -90.576932380
    3.077555353  -90.371580686
    3.112897852  -90.009928324
    3.148240350  -89.543193794
    3.183582849  -89.074082916
    3.218925347  -88.704877658
    3.254267846  -88.485812923
    3.289610344  -88.404688670
    3.324952843  -88.415206981
    3.360295341  -88.470259659
    3.395637840  -88.545849840
    3.430980338  -88.646053158
    3.466322837  -88.787084813
    3.501665335  -88.973836697
    3.537007834  -89.184210156
    3.572350332  -89.378363448
    3.607692831  -89.538342509
    3.643035329  -89.685138718
    3.678377828  -89.853594300
    3.713720326  -90.059204979
    3.749062825  -90.286515321
    3.784405323  -90.497331489
    3.819747822  -90.652230879
    3.855090320  -90.726481027
    3.890432819  -90.715544750
    3.925775317  -90.619465674
    3.961117816  -90.433293221
    3.996460314  -90.156052956
    4.031802813  -89.806113037
    4.067145311  -89.422556808
    4.102487810  -89.054418185
    4.137830308  -88.751464887
    4.173172807  -88.556602111
    4.208515305  -88.495548510
    4.243857804  -88.568785685
    4.279200302  -88.761408887
    4.314542801  -89.056740222
    4.349885299  -89.431819989
    4.385227798  -89.851968091
    4.420570296  -90.272857949
    4.455912795  -90.651382705
    4.491255293  -90.954948028
    4.526597792  -91.167231176
    4.561940290  -91.294656985
    4.597282789  -91.359541965
    4.632625287  -91.387206638
    4.667967785  -91.384629365
    4.703310284  -91.322048539
    4.738652782  -91.146727179
    4.773995281  -90.827702730
    4.809337779  -90.390326166
    4.844680278  -89.906617095
    4.880022776  -89.452094693
    4.915365275  -89.065703798
    4.950707773  -88.732932985
    4.986050272  -88.400966910
    5.021392770  -88.013686668
    5.056735269  -87.557224971
    5.092077767  -87.076381914
    5.127420266  -86.645380063
    5.162762764  -86.313468606
    5.198105263  -86.075111633
    5.233447761  -85.893346233
    5.268790260  -85.737607875
    5.304132758  -85.603521921
    5.339475257  -85.503808486
    5.374817755  -85.449649132
    5.410160254  -85.444767482
    5.445502752  -85.493804817
    5.480845251  -85.606669548
    5.516187749  -85.786970301
    5.551530248  -86.019815445
    5.586872746  -86.276985326
    5.622215245  -86.528958180
    5.657557743  -86.747576445
    5.692900242  -86.910711702
    5.728242740  -87.015235422
    5.763585239  -87.082887942
    5.798927737  -87.165783504
    5.834270236  -87.343328970
    5.869612734  -87.721138827
    5.904955233  -88.426558715
    5.940297731  -89.533526585
    5.975640230  -90.905213115
    6.010982728  -92.212331381
    6.046325227  -93.161167678
    6.081667725  -93.657286383
    6.117010224  -93.774638926
    6.152352722  -93.645818441
    6.187695221  -93.373608809
    6.223037719  -93.001227972
    6.258380218  -92.537376090
    6.293722716  -91.983091126
    6.329065215  -91.342672369
    6.364407713  -90.642220410
    6.399750211  -89.941368719
    6.435092710  -89.302124756
    6.470435208  -88.759934801
    6.505777707  -88.337790863
    6.541120205  -88.064531390
    6.576462704  -87.964191654
    6.611805202  -88.029871958
    6.647147701  -88.224086415
    6.682490199  -88.515159633
    6.717832698  -88.893754019
    6.753175196  -89.362011882
    6.788517695  -89.924114457
    6.823860193  -90.579675133
    6.859202692  -91.307752562
    6.894545190  -92.041497284
    6.929887689  -92.661761673
    6.965230187  -93.014277788
    7.000572686  -92.973056236
    7.035915184  -92.508431737
    7.071257683  -91.708931961
    7.106600181  -90.739306799
    7.141942680  -89.762413558
    7.177285178  -88.875330480
    7.212627677  -88.099909518
    7.247970175  -87.423552375
    7.283312674  -86.848247301
    7.318655172  -86.402025489
    7.353997671  -86.109873618
    7.389340169  -85.970521565
    7.424682668  -85.964132765
    7.460025166  -86.075268516
    7.495367665  -86.292794978
    7.530710163  -86.607919653
    7.566052662  -87.017851601
    7.601395160  -87.520982552
    7.636737659  -88.105344316
    7.672080157  -88.723105945
    7.707422656  -89.279407108
    7.742765154  -89.684030503
    7.778107653  -89.930405725
    7.813450151  -90.133455064
    7.848792650  -90.452597457
    7.884135148  -90.949289879
    7.919477647  -91.498904477
    7.954820145  -91.841116152
    7.990162644  -91.741871676
    8.025505142  -91.160952176
    8.060847640  -90.285026937
    8.096190139  -89.403916753
    8.131532637  -88.733703173
    8.166875136  -88.326396082
    8.202217634  -88.103971758
    8.237560133  -87.956344836
    8.272902631  -87.812057363
    8.308245130  -87.667342216
    8.343587628  -87.569668262
    8.378930127  -87.579533489
    8.414272625  -87.734575906
    8.449615124  -88.036325303
    8.484957622  -88.459003448
    8.520300121  -88.975114889
    8.555642619  -89.566744936
    8.590985118  -90.221023256
    8.626327616  -90.910865776
    8.661670115  -91.582622336
    8.697012613  -92.161336885
    8.732355112  -92.582297596
    8.767697610  -92.831068272
    8.803040109  -92.972668834
    8.838382607  -93.127982232
    8.873725106  -93.373014098
    8.909067604  -93.640153406
    8.944410103  -93.742041724
    8.979752601  -93.483981149
    9.015095100  -92.776318544
    9.050437598  -91.685060860
    9.085780097  -90.402893743
    9.121122595  -89.155904466
    9.156465094  -88.122570223
    9.191807592  -87.390532247
    9.227150091  -86.963997919
    9.262492589  -86.804259604
    9.297835088  -86.864907424
    9.333177586  -87.107502007
    9.368520085  -87.491178828
    9.403862583  -87.968432597
    9.439205082  -88.498729684
    9.474547580  -89.064446590
    9.509890079  -89.662965714
    9.545232577  -90.276352146
    9.580575076  -90.846683026
    9.615917574  -91.280936211
    9.651260073  -91.486632469
    9.686602571  -91.421777823
    9.721945069  -91.120412105
    9.757287568  -90.677991340
    9.792630066  -90.198018122
    9.827972565  -89.710612006
    9.863315063  -89.114908112
    9.898657562  -88.174263041
    9.934000060  -86.615709871
    9.969342559  -84.297757698
   10.004685057  -81.324118249
   10.040027556  -78.024389461
   10.075370054  -74.813009466
   10.110712553  -72.025260730
   10.146055051  -69.824559768
   10.181397550  -68.207784805
   10.216740048  -67.103330380
   10.252082547  -66.450830426
   10.287425045  -66.182232818
   10.322767544  -66.197642179
   10.358110042  -66.402116175
   10.393452541  -66.738830800
   10.428795039  -67.180622123
   10.464137538  -67.713915325
   10.499480036  -68.333098858
   10.534822535  -69.025864519
   10.570165033  -69.736990640
   10.605507532  -70.352119943
   10.640850030  -70.740744929
   10.676192529  -70.850297173
   10.711535027  -70.795756353
   10.746877526  -70.867632080
   10.782220024  -71.400914439
   10.817562523  -72.465697858
   10.852905021  -73.555379329
   10.888247520  -73.544881976
   10.923590018  -71.019800507
   10.958932517  -64.944133796
   10.994275015  -55.424238254
   11.029617514  -43.913436877
   11.064960012  -32.596134724
   11.100302511  -23.424384740
   11.135645009  -17.706603315
   11.170987508  -15.430593799
   11.206330006  -14.757264853
   11.241672505  -14.547723328
   11.277015003  -14.477118166
   11.312357502  -14.453406880
   11.347700000  -14.445746704
