#! FIELDS ab2 projection
#! SET min_ab2 -0.350667
#! SET max_ab2 11.3477
#! SET nbins_ab2  332
#! SET periodic_ab2 false
   -0.350667000  -14.448958179
   -0.315324502  -14.464002023
   -0.279982003  -14.512748464
   -0.244639505  -14.657220723
   -0.209297006  -15.058428623
   -0.173954508  -16.138610597
   -0.138612009  -18.858200517
   -0.103269511  -24.393864149
   -0.067927012  -33.048677591
   -0.032584514  -44.194895328
    0.002757985  -56.373587454
    0.038100483  -67.580956217
    0.073442982  -76.068012653
    0.108785480  -81.100329988
    0.144127979  -83.152252384
    0.179470477  -83.465571940
    0.214812976  -83.336232552
    0.250155474  -83.580493294
    0.285497973  -84.398826036
    0.320840471  -85.574532142
    0.356182970  -86.780851679
    0.391525468  -87.790894646
    0.426867967  -88.521881999
    0.462210465  -88.996929732
    0.497552964  -89.275728412
    0.532895462  -89.412549019
    0.568237961  -89.446823558
    0.603580459  -89.393733819
    0.638922958  -89.257808790
    0.674265456  -89.056235700
    0.709607955  -88.829342845
    0.744950453  -88.620860498
    0.780292952  -88.451729776
    0.815635450  -88.310078777
    0.850977949  -88.171601321
    0.886320447  -88.032002152
    0.921662946  -87.920975419
    0.957005444  -87.885279608
    0.992347943  -87.963431505
    1.027690441  -88.148813030
    1.063032940  -88.365242974
    1.098375438  -88.496672184
    1.133717937  -88.467260350
    1.169060435  -88.292619572
    1.204402934  -88.050511138
    1.239745432  -87.824108938
    1.275087931  -87.668375797
    1.310430429  -87.600824017
    1.345772927  -87.606981700
    1.381115426  -87.654562265
    1.416457924  -87.710746040
    1.451800423  -87.753661840
    1.487142921  -87.772646706
    1.522485420  -87.763835237
    1.557827918  -87.730372734
    1.593170417  -87.679138444
    1.628512915  -87.623867338
    1.663855414  -87.580704381
    1.699197912  -87.560951645
    1.734540411  -87.566057141
    1.769882909  -87.589017400
    1.805225408  -87.615544326
    1.840567906  -87.636560705
    1.875910405  -87.657100276
    1.911252903  -87.703995904
    1.946595402  -87.833696495
    1.981937900  -88.112235543
    2.017280399  -88.564512034
    2.052622897  -89.132240641
    2.087965396  -89.681384013
    2.123307894  -90.065233517
    2.158650393  -90.196247369
    2.193992891  -90.079480162
    2.229335390  -89.794025785
    2.264677888  -89.445797158
    2.300020387  -89.131054904
    2.335362885  -88.914083303
    2.370705384  -88.817651419
    2.406047882  -88.830072894
    2.441390381  -88.919714292
    2.476732879  -89.053403298
    2.512075378  -89.202764177
    2.547417876  -89.351669317
    2.582760375  -89.502764584
    2.618102873  -89.678451262
    2.653445372  -89.904005605
    2.688787870  -90.178815532
    2.724130369  -90.462446413
    2.759472867  -90.690891252
    2.794815366  -90.816275659
    2.830157864  -90.832945063
    2.865500363  -90.776777051
    2.900842861  -90.704069379
    2.936185360  -90.657513521
    2.971527858  -90.649032096
    3.006870356  -90.646067124
    3.042212855  -90.576932380
    3.077555353  -90.371580686
    3.112897852  -90.009928324
    3.148240350  -89.543193794
    3.183582849  -89.074082916
    3.218925347  -88.704877658
    3.254267846  -88.485812923
    3.289610344  -88.404688670
    3.324952843  -88.415206981
    3.360295341  -88.470259659
    3.395637840  -88.545849840
    3.430980338  -88.646053158
    3.466322837  -88.787084813
    3.501665335  -88.973836697
    3.537007834  -89.184210156
    3.572350332  -89.378363448
    3.607692831  -89.538342498
    3.643035329  -89.685138671
    3.678377828  -89.853594138
    3.713720326  -90.059204469
    3.749062825  -90.286513909
    3.784405323  -90.497328126
    3.819747822  -90.652224082
    3.855090320  -90.726469123
    3.890432819  -90.715525804
    3.925775317  -90.619437038
    3.961117816  -90.433251675
    3.996460314  -90.155996163
    4.031802813  -89.806041271
    4.067145311  -89.422472722
    4.102487810  -89.054323889
    4.137830308  -88.751358778
    4.173172807  -88.556478013
    4.208515305  -88.495398325
    4.243857804  -88.568603573
    4.279200302  -88.761194224
    4.314542801  -89.056499107
    4.349885299  -89.431564145
    4.385227798  -89.851711909
    4.420570296  -90.272614765
    4.455912795  -90.651161151
    4.491255293  -90.954750498
    4.526597792  -91.167056908
    4.561940290  -91.294506435
    4.597282789  -91.359417062
    4.632625287  -91.387105901
    4.667967785  -91.384545199
    4.703310284  -91.321970588
    4.738652782  -91.146646502
    4.773995281  -90.827611893
    4.809337779  -90.390217322
    4.844680278  -89.906480461
    4.880022776  -89.451918794
    4.915365275  -89.065476313
    4.950707773  -88.732637248
    4.986050272  -88.400575775
    5.021392770  -88.013160149
    5.056735269  -87.556519014
    5.092077767  -87.075468323
    5.127420266  -86.644259360
    5.162762764  -86.312150422
    5.198105263  -86.073572835
    5.233447761  -85.891512205
    5.268790260  -85.735377563
    5.304132758  -85.600830108
    5.339475257  -85.500691720
    5.374817755  -85.446259054
    5.410160254  -85.441310630
    5.445502752  -85.490472957
    5.480845251  -85.603612126
    5.516187749  -85.784288654
    5.551530248  -86.017554004
    5.586872746  -86.275134811
    5.622215245  -86.527471838
    5.657557743  -86.746388709
    5.692900242  -86.909753491
    5.728242740  -87.014444875
    5.763585239  -87.082216588
    5.798927737  -87.165204851
    5.834270236  -87.342844895
    5.869612734  -87.720772638
    5.904955233  -88.426326331
    5.940297731  -89.533406649
    5.975640230  -90.905158727
    6.010982728  -92.212305800
    6.046325227  -93.161153249
    6.081667725  -93.657276111
    6.117010224  -93.774630043
    6.152352722  -93.645809823
    6.187695221  -93.373600051
    6.223037719  -93.001218841
    6.258380218  -92.537366174
    6.293722716  -91.983079303
    6.329065215  -91.342655515
    6.364407713  -90.642189246
    6.399750211  -89.941299379
    6.435092710  -89.301961124
    6.470435208  -88.759565663
    6.505777707  -88.337022633
    6.541120205  -88.063086305
    6.576462704  -87.961788725
    6.611805202  -88.026373291
    6.647147701  -88.219580962
    6.682490199  -88.509921915
    6.717832698  -88.888153033
    6.753175196  -89.356414553
    6.788517695  -89.918838612
    6.823860193  -90.574971033
    6.859202692  -91.303772882
    6.894545190  -92.038146874
    6.929887689  -92.658545835
    6.965230187  -93.010084560
    7.000572686  -92.965588014
    7.035915184  -92.493205096
    7.071257683  -91.678460939
    7.106600181  -90.683964711
    7.141942680  -89.672951591
    7.177285178  -88.743359505
    7.212627677  -87.913095389
    7.247970175  -87.158142863
    7.283312674  -86.465041071
    7.318655172  -85.851998163
    7.353997671  -85.351529994
    7.389340169  -84.988398013
    7.424682668  -84.774343145
    7.460025166  -84.715067806
    7.495367665  -84.804947298
    7.530710163  -85.036813227
    7.566052662  -85.413122689
    7.601395160  -85.937494357
    7.636737659  -86.591982873
    7.672080157  -87.312725323
    7.707422656  -87.990034376
    7.742765154  -88.524984300
    7.778107653  -88.899828726
    7.813450151  -89.206645099
    7.848792650  -89.564829580
    7.884135148  -89.984235865
    7.919477647  -90.290184278
    7.954820145  -90.190029972
    7.990162644  -89.448593320
    8.025505142  -88.064813698
    8.060847640  -86.305757628
    8.096190139  -84.571939229
    8.131532637  -83.189756616
    8.166875136  -82.276372584
    8.202217634  -81.759981896
    8.237560133  -81.504880354
    8.272902631  -81.403163292
    8.308245130  -81.412168974
    8.343587628  -81.541595715
    8.378930127  -81.814394738
    8.414272625  -82.224352132
    8.449615124  -82.728356651
    8.484957622  -83.270235998
    8.520300121  -83.812717393
    8.555642619  -84.342507064
    8.590985118  -84.862941574
    8.626327616  -85.365950454
    8.661670115  -85.799990818
    8.697012613  -86.067362811
    8.732355112  -86.074126226
    8.767697610  -85.791782635
    8.803040109  -85.280267182
    8.838382607  -84.655513879
    8.873725106  -84.019491003
    8.909067604  -83.390536567
    8.944410103  -82.698485160
    8.979752601  -81.857867666
    9.015095100  -80.882954929
    9.050437598  -79.928830860
    9.085780097  -79.211400888
    9.121122595  -78.865914682
    9.156465094  -78.882832486
    9.191807592  -79.150708596
    9.227150091  -79.531289129
    9.262492589  -79.925169082
    9.297835088  -80.285967581
    9.333177586  -80.603232765
    9.368520085  -80.877027292
    9.403862583  -81.108305911
    9.439205082  -81.303146944
    9.474547580  -81.478386167
    9.509890079  -81.651538876
    9.545232577  -81.810626414
    9.580575076  -81.900346329
    9.615917574  -81.837128554
    9.651260073  -81.550580107
    9.686602571  -81.020876511
    9.721945069  -80.292403788
    9.757287568  -79.452420119
    9.792630066  -78.593803580
    9.827972565  -77.760697812
    9.863315063  -76.920839789
    9.898657562  -75.967863386
    9.934000060  -74.760139690
    9.969342559  -73.216836005
   10.004685057  -71.416498190
   10.040027556  -69.583516882
   10.075370054  -67.961540205
   10.110712553  -66.688299837
   10.146055051  -65.785204283
   10.181397550  -65.227054982
   10.216740048  -64.989306373
   10.252082547  -65.036235900
   10.287425045  -65.291612045
   10.322767544  -65.665005445
   10.358110042  -66.098543033
   10.393452541  -66.574440729
   10.428795039  -67.096358180
   10.464137538  -67.672627938
   10.499480036  -68.313907223
   10.534822535  -69.017491111
   10.570165033  -69.733508932
   10.605507532  -70.350707608
   10.640850030  -70.740190643
   10.676192529  -70.850084152
   10.711535027  -70.795684031
   10.746877526  -70.867617961
   10.782220024  -71.400914208
   10.817562523  -72.465697836
   10.852905021  -73.555379327
   10.888247520  -73.544881975
   10.923590018  -71.019800507
   10.958932517  -64.944133795
   10.994275015  -55.424238239
   11.029617514  -43.913436271
   11.064960012  -32.596111921
   11.100302511  -23.424035444
   11.135645009  -17.705363902
   11.170987508  -15.429598491
   11.206330006  -14.756906951
   11.241672505  -14.547640726
   11.277015003  -14.477112909
   11.312357502  -14.453406880
   11.347700000  -14.445746704
