#! FIELDS ab2 projection
#! SET min_ab2 -0.350667
#! SET max_ab2 11.3477
#! SET nbins_ab2  332
#! SET periodic_ab2 false
   -0.350667000  -14.451387806
   -0.315324502  -14.473317233
   -0.279982003  -14.544132865
   -0.244639505  -14.755043017
   -0.209297006  -15.354986042
   -0.173954508  -17.038847942
   -0.138612009  -21.322615719
   -0.103269511  -29.624974929
   -0.067927012  -41.973513861
   -0.032584514  -57.141704883
    0.002757985  -72.766870984
    0.038100483  -86.054460270
    0.073442982  -94.964006933
    0.108785480  -99.087982615
    0.144127979  -99.609360011
    0.179470477  -98.429112621
    0.214812976  -97.130197620
    0.250155474  -96.426461794
    0.285497973  -96.243856267
    0.320840471  -96.167384453
    0.356182970  -95.876382267
    0.391525468  -95.319901975
    0.426867967  -94.631496569
    0.462210465  -93.981850639
    0.497552964  -93.445264966
    0.532895462  -93.003054512
    0.568237961  -92.610095554
    0.603580459  -92.238636097
    0.638922958  -91.898730637
    0.674265456  -91.635554074
    0.709607955  -91.511930897
    0.744950453  -91.572732016
    0.780292952  -91.819860876
    0.815635450  -92.222840068
    0.850977949  -92.759732779
    0.886320447  -93.454590636
    0.921662946  -94.389235606
    0.957005444  -95.677430308
    0.992347943  -97.364612102
    1.027690441  -99.281358940
    1.063032940 -101.041280118
    1.098375438 -102.285424254
    1.133717937 -102.912139496
    1.169060435 -103.072083323
    1.204402934 -102.997313244
    1.239745432 -102.855309596
    1.275087931 -102.719337922
    1.310430429 -102.600379658
    1.345772927 -102.496151844
    1.381115426 -102.412179883
    1.416457924 -102.337807821
    1.451800423 -102.243601055
    1.487142921 -102.108750848
    1.522485420 -101.932908878
    1.557827918 -101.723738330
    1.593170417 -101.487285055
    1.628512915 -101.242729281
    1.663855414 -101.032861752
    1.699197912 -100.916257740
    1.734540411 -100.940132277
    1.769882909 -101.131134342
    1.805225408 -101.493478881
    1.840567906 -102.015180858
    1.875910405 -102.665619639
    1.911252903 -103.409331235
    1.946595402 -104.225398369
    1.981937900 -105.098750988
    2.017280399 -105.985929916
    2.052622897 -106.793176832
    2.087965396 -107.401246484
    2.123307894 -107.726459777
    2.158650393 -107.766580024
    2.193992891 -107.606096832
    2.229335390 -107.372678652
    2.264677888 -107.169331521
    2.300020387 -107.040052412
    2.335362885 -106.977508120
    2.370705384 -106.946293454
    2.406047882 -106.901490309
    2.441390381 -106.801251794
    2.476732879 -106.623457354
    2.512075378 -106.365238517
    2.547417876 -106.042771073
    2.582760375 -105.695607415
    2.618102873 -105.385844165
    2.653445372 -105.178049363
    2.688787870 -105.111394877
    2.724130369 -105.182142009
    2.759472867 -105.345934570
    2.794815366 -105.547561396
    2.830157864 -105.758410537
    2.865500363 -105.982221406
    2.900842861 -106.229144670
    2.936185360 -106.475194209
    2.971527858 -106.665880269
    3.006870356 -106.738218118
    3.042212855 -106.650741429
    3.077555353 -106.401254237
    3.112897852 -106.013510975
    3.148240350 -105.527954297
    3.183582849 -105.006947304
    3.218925347 -104.517620598
    3.254267846 -104.099818817
    3.289610344 -103.758971033
    3.324952843 -103.485408334
    3.360295341 -103.268019338
    3.395637840 -103.097908522
    3.430980338 -102.966739851
    3.466322837 -102.875910757
    3.501665335 -102.841287804
    3.537007834 -102.878861950
    3.572350332 -102.988185929
    3.607692831 -103.155141512
    3.643035329 -103.355562742
    3.678377828 -103.560619089
    3.713720326 -103.739993334
    3.749062825 -103.874938559
    3.784405323 -103.961871789
    3.819747822 -104.009489619
    3.855090320 -104.031029233
    3.890432819 -104.035008213
    3.925775317 -104.020040744
    3.961117816 -103.973140429
    3.996460314 -103.886594355
    4.031802813 -103.772261600
    4.067145311 -103.660721970
    4.102487810 -103.577592798
    4.137830308 -103.534531047
    4.173172807 -103.534343199
    4.208515305 -103.569320244
    4.243857804 -103.613217948
    4.279200302 -103.636959681
    4.314542801 -103.637831344
    4.349885299 -103.644798800
    4.385227798 -103.693544898
    4.420570296 -103.795923017
    4.455912795 -103.941638821
    4.491255293 -104.116490732
    4.526597792 -104.314882660
    4.561940290 -104.538412575
    4.597282789 -104.790702026
    4.632625287 -105.081317687
    4.667967785 -105.420623661
    4.703310284 -105.808834689
    4.738652782 -106.226768615
    4.773995281 -106.640834351
    4.809337779 -107.019171434
    4.844680278 -107.344725370
    4.880022776 -107.617626094
    4.915365275 -107.848353939
    4.950707773 -108.037632379
    4.986050272 -108.169558331
    5.021392770 -108.223149378
    5.056735269 -108.202918068
    5.092077767 -108.144825947
    5.127420266 -108.079183112
    5.162762764 -107.996387973
    5.198105263 -107.863207144
    5.233447761 -107.665182252
    5.268790260 -107.414616003
    5.304132758 -107.136348300
    5.339475257 -106.850844450
    5.374817755 -106.568368765
    5.410160254 -106.304009061
    5.445502752 -106.083978308
    5.480845251 -105.939397151
    5.516187749 -105.891562544
    5.551530248 -105.944162517
    5.586872746 -106.083887461
    5.622215245 -106.288318740
    5.657557743 -106.525805762
    5.692900242 -106.761353492
    5.728242740 -106.974149220
    5.763585239 -107.162715196
    5.798927737 -107.332866003
    5.834270236 -107.476364128
    5.869612734 -107.556878345
    5.904955233 -107.511255051
    5.940297731 -107.270341007
    5.975640230 -106.801465236
    6.010982728 -106.150198491
    6.046325227 -105.427512983
    6.081667725 -104.753137366
    6.117010224 -104.188346563
    6.152352722 -103.722339719
    6.187695221 -103.318380649
    6.223037719 -102.954371593
    6.258380218 -102.627949063
    6.293722716 -102.349160253
    6.329065215 -102.139060996
    6.364407713 -102.024388049
    6.399750211 -102.024974311
    6.435092710 -102.139874733
    6.470435208 -102.343771745
    6.505777707 -102.592519595
    6.541120205 -102.841017100
    6.576462704 -103.057533136
    6.611805202 -103.232132210
    6.647147701 -103.363886074
    6.682490199 -103.453319885
    6.717832698 -103.499907161
    6.753175196 -103.504577711
    6.788517695 -103.475813486
    6.823860193 -103.428986513
    6.859202692 -103.384178429
    6.894545190 -103.355805382
    6.929887689 -103.340768611
    6.965230187 -103.312493109
    7.000572686 -103.241107944
    7.035915184 -103.127656654
    7.071257683 -103.011531266
    7.106600181 -102.943090709
    7.141942680 -102.942383647
    7.177285178 -102.990666732
    7.212627677 -103.061063025
    7.247970175 -103.148944763
    7.283312674 -103.276681981
    7.318655172 -103.464599992
    7.353997671 -103.693034553
    7.389340169 -103.912499229
    7.424682668 -104.085302659
    7.460025166 -104.210433553
    7.495367665 -104.301661172
    7.530710163 -104.357394950
    7.566052662 -104.351329080
    7.601395160 -104.240215790
    7.636737659 -103.996841284
    7.672080157 -103.627330175
    7.707422656 -103.158039698
    7.742765154 -102.620084681
    7.778107653 -102.054834572
    7.813450151 -101.534029615
    7.848792650 -101.133388919
    7.884135148 -100.876725829
    7.919477647 -100.714196283
    7.954820145 -100.562901576
    7.990162644 -100.370494405
    8.025505142 -100.140404158
    8.060847640  -99.900688000
    8.096190139  -99.678519202
    8.131532637  -99.496733375
    8.166875136  -99.366000302
    8.202217634  -99.263093863
    8.237560133  -99.119682584
    8.272902631  -98.850783758
    8.308245130  -98.416509506
    8.343587628  -97.846018461
    8.378930127  -97.213982144
    8.414272625  -96.589672474
    8.449615124  -96.003035158
    8.484957622  -95.439419661
    8.520300121  -94.873451808
    8.555642619  -94.327693289
    8.590985118  -93.892170900
    8.626327616  -93.661670015
    8.661670115  -93.649027077
    8.697012613  -93.765249355
    8.732355112  -93.886997336
    8.767697610  -93.939499064
    8.803040109  -93.937649261
    8.838382607  -93.963956083
    8.873725106  -94.080526529
    8.909067604  -94.235820414
    8.944410103  -94.266468690
    8.979752601  -93.991714528
    9.015095100  -93.327277429
    9.050437598  -92.337630017
    9.085780097  -91.198090268
    9.121122595  -90.096338336
    9.156465094  -89.163215700
    9.191807592  -88.453444164
    9.227150091  -87.961776859
    9.262492589  -87.657736322
    9.297835088  -87.519483274
    9.333177586  -87.551121975
    9.368520085  -87.758560230
    9.403862583  -88.116408504
    9.439205082  -88.576878533
    9.474547580  -89.104602012
    9.509890079  -89.683000417
    9.545232577  -90.286003304
    9.580575076  -90.851215974
    9.615917574  -91.283071455
    9.651260073  -91.487678994
    9.686602571  -91.422326965
    9.721945069  -91.120723770
    9.757287568  -90.678180572
    9.792630066  -90.198138455
    9.827972565  -89.710691848
    9.863315063  -89.114965589
    9.898657562  -88.174312095
    9.934000060  -86.615764851
    9.969342559  -84.297842383
   10.004685057  -81.324287573
   10.040027556  -78.024768493
   10.075370054  -74.813805899
   10.110712553  -72.026637794
   10.146055051  -69.826428150
   10.181397550  -68.209821823
   10.216740048  -67.105190322
   10.252082547  -66.452277996
   10.287425045  -66.183199763
   10.322767544  -66.198206061
   10.358110042  -66.402411274
   10.393452541  -66.738972993
   10.428795039  -67.180686337
   10.464137538  -67.713942538
   10.499480036  -68.333109482
   10.534822535  -69.025868241
   10.570165033  -69.736991800
   10.605507532  -70.352120273
   10.640850030  -70.740745020
   10.676192529  -70.850297199
   10.711535027  -70.795756360
   10.746877526  -70.867632082
   10.782220024  -71.400914440
   10.817562523  -72.465697858
   10.852905021  -73.555379329
   10.888247520  -73.544881976
   10.923590018  -71.019800507
   10.958932517  -64.944133796
   10.994275015  -55.424238256
   11.029617514  -43.913436946
   11.064960012  -32.596137158
   11.100302511  -23.424418470
   11.135645009  -17.706704510
   11.170987508  -15.430657310
   11.206330006  -14.757280839
   11.241672505  -14.547723328
   11.277015003  -14.477118166
   11.312357502  -14.453406880
   11.347700000  -14.445746704
