#! FIELDS ab2 projection
#! SET min_ab2 -0.350696
#! SET max_ab2 11.3491
#! SET nbins_ab2  332
#! SET periodic_ab2 false
   -0.350696000  -14.457043028
   -0.315349184  -14.473270813
   -0.280002369  -14.526049688
   -0.244655553  -14.683277673
   -0.209308737  -15.124425233
   -0.173961921  -16.332322829
   -0.138615106  -19.418529851
   -0.103268290  -25.680346150
   -0.067921474  -35.365869567
   -0.032574659  -47.720896618
    0.002772157  -61.081593376
    0.038118973  -73.240144614
    0.073465789  -82.370399648
    0.108812604  -87.822444292
    0.144159420  -90.225346741
    0.179506236  -90.907707191
    0.214853051  -91.117629744
    0.250199867  -91.537591211
    0.285546683  -92.252697225
    0.320893498  -93.013706611
    0.356240314  -93.535716200
    0.391587130  -93.682160197
    0.426933946  -93.499559306
    0.462280761  -93.164396144
    0.497627577  -92.857676131
    0.532974393  -92.674725114
    0.568321208  -92.616645687
    0.603668024  -92.629550564
    0.639014840  -92.662692728
    0.674361656  -92.703318236
    0.709708471  -92.777279822
    0.745055287  -92.919606324
    0.780402103  -93.136889126
    0.815748918  -93.394030645
    0.851095734  -93.644355908
    0.886442550  -93.892331139
    0.921789366  -94.224296919
    0.957136181  -94.781622248
    0.992482997  -95.680139743
    1.027829813  -96.935676811
    1.063176628  -98.414023008
    1.098523444  -99.876106455
    1.133870260 -101.104913853
    1.169217076 -102.005525889
    1.204563891 -102.606699554
    1.239910707 -103.002627656
    1.275257523 -103.298754691
    1.310604338 -103.560994309
    1.345951154 -103.796531832
    1.381297970 -103.970435037
    1.416644785 -104.044227011
    1.451991601 -103.998921335
    1.487338417 -103.841691394
    1.522685233 -103.588805886
    1.558032048 -103.253804641
    1.593378864 -102.862853576
    1.628725680 -102.462383267
    1.664072495 -102.107623196
    1.699419311 -101.837325180
    1.734766127 -101.659687891
    1.770112943 -101.556623458
    1.805459758 -101.517360879
    1.840806574 -101.568930669
    1.876153390 -101.776210757
    1.911500205 -102.214988343
    1.946847021 -102.933480595
    1.982193837 -103.908814869
    2.017540653 -105.030765990
    2.052887468 -106.121901599
    2.088234284 -106.995609353
    2.123581100 -107.521503405
    2.158927915 -107.667849464
    2.194274731 -107.493382328
    2.229621547 -107.103785397
    2.264968363 -106.604007886
    2.300315178 -106.068528938
    2.335661994 -105.535632904
    2.371008810 -105.020342672
    2.406355625 -104.535379769
    2.441702441 -104.080648477
    2.477049257 -103.630468055
    2.512396073 -103.143013098
    2.547742888 -102.593732824
    2.583089704 -101.999495383
    2.618436520 -101.406682705
    2.653783335 -100.865334117
    2.689130151 -100.403722774
    2.724476967 -100.026434145
    2.759823782  -99.738031241
    2.795170598  -99.566240032
    2.830517414  -99.551476052
    2.865864230  -99.712363561
    2.901211045 -100.031744261
    2.936557861 -100.468107637
    2.971904677 -100.963871141
    3.007251492 -101.447319163
    3.042598308 -101.845362524
    3.077945124 -102.101875401
    3.113291940 -102.194714604
    3.148638755 -102.139970359
    3.183985571 -101.974603077
    3.219332387 -101.741845623
    3.254679202 -101.471203393
    3.290026018 -101.165740779
    3.325372834 -100.807285187
    3.360719650 -100.373382225
    3.396066465  -99.852909669
    3.431413281  -99.273181380
    3.466760097  -98.701187587
    3.502106912  -98.209078319
    3.537453728  -97.841945523
    3.572800544  -97.607980256
    3.608147360  -97.487107085
    3.643494175  -97.445959210
    3.678840991  -97.450144225
    3.714187807  -97.467115164
    3.749534622  -97.471082804
    3.784881438  -97.451872251
    3.820228254  -97.424062492
    3.855575069  -97.424505989
    3.890921885  -97.486706007
    3.926268701  -97.598734175
    3.961615517  -97.665921591
    3.996962332  -97.560507240
    4.032309148  -97.215612619
    4.067655964  -96.676691915
    4.103002779  -96.052874629
    4.138349595  -95.432163297
    4.173696411  -94.848720959
    4.209043227  -94.303707698
    4.244390042  -93.782607973
    4.279736858  -93.272087384
    4.315083674  -92.784699667
    4.350430489  -92.361110219
    4.385777305  -92.050663440
    4.421124121  -91.882821716
    4.456470937  -91.860074843
    4.491817752  -91.963821569
    4.527164568  -92.159344105
    4.562511384  -92.397024171
    4.597858199  -92.622065786
    4.633205015  -92.801274586
    4.668551831  -92.938000551
    4.703898647  -93.065508576
    4.739245462  -93.225164098
    4.774592278  -93.445791173
    4.809939094  -93.741637643
    4.845285909  -94.100935070
    4.880632725  -94.464421360
    4.915979541  -94.725028062
    4.951326356  -94.769903239
    4.986673172  -94.535489507
    5.022019988  -94.049015643
    5.057366804  -93.412407539
    5.092713619  -92.741059613
    5.128060435  -92.107636491
    5.163407251  -91.543282160
    5.198754066  -91.067913029
    5.234100882  -90.691269445
    5.269447698  -90.397731772
    5.304794514  -90.154205099
    5.340141329  -89.940436215
    5.375488145  -89.765010077
    5.410834961  -89.649899321
    5.446181776  -89.612801682
    5.481528592  -89.660223160
    5.516875408  -89.787639224
    5.552222224  -89.982096095
    5.587569039  -90.217106643
    5.622915855  -90.459694154
    5.658262671  -90.685747945
    5.693609486  -90.881293812
    5.728956302  -91.027850335
    5.764303118  -91.096206763
    5.799649934  -91.059280837
    5.834996749  -90.899288511
    5.870343565  -90.620412553
    5.905690381  -90.248275105
    5.941037196  -89.837700803
    5.976384012  -89.468649487
    6.011730828  -89.218511827
    6.047077644  -89.111042375
    6.082424459  -89.101147761
    6.117771275  -89.109704909
    6.153118091  -89.071393740
    6.188464906  -88.953340451
    6.223811722  -88.741432411
    6.259158538  -88.438640857
    6.294505353  -88.076862607
    6.329852169  -87.709763268
    6.365198985  -87.382915785
    6.400545801  -87.111018688
    6.435892616  -86.877354622
    6.471239432  -86.646126105
    6.506586248  -86.383393601
    6.541933063  -86.085475839
    6.577279879  -85.801970974
    6.612626695  -85.605330063
    6.647973511  -85.558431678
    6.683320326  -85.702764910
    6.718667142  -86.065521730
    6.754013958  -86.654831160
    6.789360773  -87.453223523
    6.824707589  -88.417320792
    6.860054405  -89.472354959
    6.895401221  -90.499117754
    6.930748036  -91.343785531
    6.966094852  -91.859631286
    7.001441668  -91.952531243
    7.036788483  -91.626405301
    7.072135299  -90.992364495
    7.107482115  -90.217821420
    7.142828931  -89.445257207
    7.178175746  -88.739461939
    7.213522562  -88.093093992
    7.248869378  -87.465014460
    7.284216193  -86.835759948
    7.319563009  -86.237247002
    7.354909825  -85.737862267
    7.390256640  -85.401046769
    7.425603456  -85.276854535
    7.460950272  -85.400871321
    7.496297088  -85.772921465
    7.531643903  -86.333664719
    7.566990719  -86.987315110
    7.602337535  -87.658653379
    7.637684350  -88.316718448
    7.673031166  -88.940131436
    7.708377982  -89.513672476
    7.743724798  -90.049513283
    7.779071613  -90.583920847
    7.814418429  -91.137020194
    7.849765245  -91.676192516
    7.885112060  -92.122703129
    7.920458876  -92.398228229
    7.955805692  -92.462394585
    7.991152508  -92.333089184
    8.026499323  -92.099648247
    8.061846139  -91.895662474
    8.097192955  -91.829756733
    8.132539770  -91.929017219
    8.167886586  -92.142360878
    8.203233402  -92.390012367
    8.238580218  -92.594947075
    8.273927033  -92.699888966
    8.309273849  -92.696808216
    8.344620665  -92.646867570
    8.379967480  -92.643226706
    8.415314296  -92.761963180
    8.450661112  -93.032699753
    8.486007927  -93.429246380
    8.521354743  -93.887562807
    8.556701559  -94.331952740
    8.592048375  -94.710778648
    8.627395190  -95.003546914
    8.662742006  -95.195395367
    8.698088822  -95.266150685
    8.733435637  -95.214558568
    8.768782453  -95.075384953
    8.804129269  -94.912617244
    8.839476085  -94.765908614
    8.874822900  -94.624017202
    8.910169716  -94.436151648
    8.945516532  -94.143310059
    8.980863347  -93.707269809
    9.016210163  -93.132115996
    9.051556979  -92.469531262
    9.086903795  -91.801395153
    9.122250610  -91.218165605
    9.157597426  -90.789385380
    9.192944242  -90.538789598
    9.228291057  -90.435399401
    9.263637873  -90.429593996
    9.298984689  -90.483795665
    9.334331505  -90.589756642
    9.369678320  -90.769985787
    9.405025136  -91.065213758
    9.440371952  -91.502338733
    9.475718767  -92.066263655
    9.511065583  -92.697892464
    9.546412399  -93.322996357
    9.581759215  -93.877567685
    9.617106030  -94.332342751
    9.652452846  -94.702794762
    9.687799662  -95.048263422
    9.723146477  -95.442124898
    9.758493293  -95.894437378
    9.793840109  -96.293775211
    9.829186924  -96.444503252
    9.864533740  -96.157133349
    9.899880556  -95.321633954
    9.935227372  -93.917260809
    9.970574187  -91.994728584
   10.005921003  -89.676364420
   10.041267819  -87.191495090
   10.076614634  -84.910173302
   10.111961450  -83.211127633
   10.147308266  -82.177659299
   10.182655082  -81.584843839
   10.218001897  -81.236499438
   10.253348713  -81.052604564
   10.288695529  -80.989002220
   10.324042344  -81.021644154
   10.359389160  -81.179217732
   10.394735976  -81.518564492
   10.430082792  -82.037428412
   10.465429607  -82.640837217
   10.500776423  -83.204272535
   10.536123239  -83.615149653
   10.571470054  -83.780974543
   10.606816870  -83.651036583
   10.642163686  -83.263363284
   10.677510502  -82.754119719
   10.712857317  -82.295597317
   10.748204133  -82.071005296
   10.783550949  -82.258038221
   10.818897764  -82.770697943
   10.854244580  -82.857182184
   10.889591396  -81.071872125
   10.924938211  -75.962486376
   10.960285027  -66.996891006
   10.995631843  -55.061893342
   11.030978659  -42.161813010
   11.066325474  -30.527214031
   11.101672290  -21.827535747
   11.137019106  -17.013639763
   11.172365921  -15.267510806
   11.207712737  -14.723885118
   11.243059553  -14.542238807
   11.278406369  -14.479699941
   11.313753184  -14.459007806
   11.349100000  -14.452734658
