#! FIELDS ab2 projection
#! SET min_ab2 -0.350696
#! SET max_ab2 11.3491
#! SET nbins_ab2  332
#! SET periodic_ab2 false
   -0.350696000  -14.452232326
   -0.315349184  -14.453776389
   -0.280002369  -14.459243080
   -0.244655553  -14.476192656
   -0.209308737  -14.523592439
   -0.173961921  -14.644947648
   -0.138615106  -14.936837273
   -0.103268290  -15.611732533
   -0.067921474  -17.083722704
   -0.032574659  -19.847244131
    0.002772157  -23.960429573
    0.038118973  -28.911989335
    0.073465789  -33.991813663
    0.108812604  -38.534794336
    0.144159420  -42.079253222
    0.179506236  -44.466218421
    0.214853051  -45.830753957
    0.250199867  -46.485393159
    0.285546683  -46.764716618
    0.320893498  -46.919309208
    0.356240314  -47.089809071
    0.391587130  -47.329607443
    0.426933946  -47.639177156
    0.462280761  -47.989743225
    0.497627577  -48.341704512
    0.532974393  -48.657044213
    0.568321208  -48.917173726
    0.603668024  -49.128119656
    0.639014840  -49.317941414
    0.674361656  -49.528345517
    0.709708471  -49.786953644
    0.745055287  -50.079422560
    0.780402103  -50.355886427
    0.815748918  -50.570859359
    0.851095734  -50.710904929
    0.886442550  -50.790916538
    0.921789366  -50.838262136
    0.957136181  -50.881964408
    0.992482997  -50.952128065
    1.027829813  -51.073046584
    1.063176628  -51.259470771
    1.098523444  -51.510893761
    1.133870260  -51.811497085
    1.169217076  -52.130905341
    1.204563891  -52.439632952
    1.239910707  -52.726240772
    1.275257523  -52.997726770
    1.310604338  -53.252549988
    1.345951154  -53.460618101
    1.381297970  -53.585439140
    1.416644785  -53.635533736
    1.451991601  -53.671386995
    1.487338417  -53.745614893
    1.522685233  -53.864500308
    1.558032048  -54.002385416
    1.593378864  -54.135654484
    1.628725680  -54.262401975
    1.664072495  -54.404217603
    1.699419311  -54.597811994
    1.734766127  -54.869046638
    1.770112943  -55.210510619
    1.805459758  -55.580096615
    1.840806574  -55.925268890
    1.876153390  -56.206244311
    1.911500205  -56.412925701
    1.946847021  -56.571596377
    1.982193837  -56.736078370
    2.017540653  -56.961980111
    2.052887468  -57.276373926
    2.088234284  -57.661526862
    2.123581100  -58.070397661
    2.158927915  -58.458120688
    2.194274731  -58.804679763
    2.229621547  -59.119952998
    2.264968363  -59.428314202
    2.300315178  -59.738832510
    2.335661994  -60.040653698
    2.371008810  -60.313790437
    2.406355625  -60.547288277
    2.441702441  -60.750829445
    2.477049257  -60.955612041
    2.512396073  -61.196396567
    2.547742888  -61.490266658
    2.583089704  -61.822114025
    2.618436520  -62.157632199
    2.653783335  -62.471501921
    2.689130151  -62.757628836
    2.724476967  -63.021046120
    2.759823782  -63.264560345
    2.795170598  -63.480394777
    2.830517414  -63.638075350
    2.865864230  -63.696016769
    2.901211045  -63.639484230
    2.936557861  -63.500348854
    2.971904677  -63.338813532
    3.007251492  -63.190472238
    3.042598308  -63.043115939
    3.077945124  -62.863308422
    3.113291940  -62.630055272
    3.148638755  -62.344634573
    3.183985571  -62.030027874
    3.219332387  -61.712872673
    3.254679202  -61.405863745
    3.290026018  -61.100306697
    3.325372834  -60.777326495
    3.360719650  -60.427539639
    3.396066465  -60.059523618
    3.431413281  -59.688682542
    3.466760097  -59.328346385
    3.502106912  -58.997415665
    3.537453728  -58.717509300
    3.572800544  -58.500672039
    3.608147360  -58.341473016
    3.643494175  -58.230886423
    3.678840991  -58.171131314
    3.714187807  -58.177071207
    3.749534622  -58.259934949
    3.784881438  -58.416235842
    3.820228254  -58.631359076
    3.855575069  -58.889235743
    3.890921885  -59.182077039
    3.926268701  -59.511365071
    3.961615517  -59.878332665
    3.996962332  -60.273512889
    4.032309148  -60.668501555
    4.067655964  -61.023931910
    4.103002779  -61.314480564
    4.138349595  -61.545524932
    4.173696411  -61.740364661
    4.209043227  -61.912161475
    4.244390042  -62.056150924
    4.279736858  -62.151013037
    4.315083674  -62.159501577
    4.350430489  -62.032860675
    4.385777305  -61.726130743
    4.421124121  -61.226801673
    4.456470937  -60.565913090
    4.491817752  -59.802584582
    4.527164568  -58.995402196
    4.562511384  -58.192894695
    4.597858199  -57.443101171
    4.633205015  -56.807320904
    4.668551831  -56.332813627
    4.703898647  -56.021735179
    4.739245462  -55.842130967
    4.774592278  -55.757698218
    4.809939094  -55.739991261
    4.845285909  -55.763225772
    4.880632725  -55.808442685
    4.915979541  -55.858334168
    4.951326356  -55.880578303
    4.986673172  -55.822220790
    5.022019988  -55.640192770
    5.057366804  -55.342150192
    5.092713619  -54.985606071
    5.128060435  -54.633247371
    5.163407251  -54.311209779
    5.198754066  -53.992898219
    5.234100882  -53.608706194
    5.269447698  -53.085625147
    5.304794514  -52.392400064
    5.340141329  -51.561698306
    5.375488145  -50.671286953
    5.410834961  -49.808036471
    5.446181776  -49.038913442
    5.481528592  -48.395249661
    5.516875408  -47.874015044
    5.552222224  -47.461753275
    5.587569039  -47.156199467
    5.622915855  -46.958088539
    5.658262671  -46.856272739
    5.693609486  -46.833389689
    5.728956302  -46.876982782
    5.764303118  -46.969570572
    5.799649934  -47.073816154
    5.834996749  -47.134912499
    5.870343565  -47.109480846
    5.905690381  -46.984884968
    5.941037196  -46.779746815
    5.976384012  -46.523846704
    6.011730828  -46.237960014
    6.047077644  -45.930380979
    6.082424459  -45.596351145
    6.117771275  -45.223327830
    6.153118091  -44.799858191
    6.188464906  -44.316466284
    6.223811722  -43.768480152
    6.259158538  -43.159786725
    6.294505353  -42.502994645
    6.329852169  -41.809446192
    6.365198985  -41.083418805
    6.400545801  -40.333219675
    6.435892616  -39.580406209
    6.471239432  -38.854158830
    6.506586248  -38.182946729
    6.541933063  -37.596571217
    6.577279879  -37.130342281
    6.612626695  -36.820712905
    6.647973511  -36.693569968
    6.683320326  -36.747056912
    6.718667142  -36.943308592
    6.754013958  -37.214743367
    6.789360773  -37.480781944
    6.824707589  -37.669320425
    6.860054405  -37.735334320
    6.895401221  -37.669539189
    6.930748036  -37.491761952
    6.966094852  -37.234564417
    7.001441668  -36.937783845
    7.036788483  -36.649530056
    7.072135299  -36.425620701
    7.107482115  -36.314340799
    7.142828931  -36.333692692
    7.178175746  -36.459907469
    7.213522562  -36.637926776
    7.248869378  -36.808075172
    7.284216193  -36.940283757
    7.319563009  -37.046046494
    7.354909825  -37.155890342
    7.390256640  -37.295333589
    7.425603456  -37.480629860
    7.460950272  -37.719799023
    7.496297088  -38.000436499
    7.531643903  -38.283057574
    7.566990719  -38.516632560
    7.602337535  -38.668011120
    7.637684350  -38.745294987
    7.673031166  -38.789014294
    7.708377982  -38.843758974
    7.743724798  -38.927871230
    7.779071613  -39.018062836
    7.814418429  -39.067570144
    7.849765245  -39.046217585
    7.885112060  -38.970298910
    7.920458876  -38.879654334
    7.955805692  -38.796260030
    7.991152508  -38.711741395
    8.026499323  -38.610922159
    8.061846139  -38.492007989
    8.097192955  -38.362956310
    8.132539770  -38.223088030
    8.167886586  -38.057515566
    8.203233402  -37.852220836
    8.238580218  -37.610467445
    8.273927033  -37.351779176
    8.309273849  -37.097679414
    8.344620665  -36.855998748
    8.379967480  -36.617848522
    8.415314296  -36.364674393
    8.450661112  -36.078961529
    8.486007927  -35.747609392
    8.521354743  -35.356457907
    8.556701559  -34.893182892
    8.592048375  -34.364442357
    8.627395190  -33.804980772
    8.662742006  -33.256310726
    8.698088822  -32.738780117
    8.733435637  -32.254967217
    8.768782453  -31.819467880
    8.804129269  -31.484149039
    8.839476085  -31.340941265
    8.874822900  -31.518718913
    8.910169716  -32.145663040
    8.945516532  -33.193464609
    8.980863347  -34.383777248
    9.016210163  -35.379052927
    9.051556979  -35.986501307
    9.086903795  -36.188568760
    9.122250610  -36.075703633
    9.157597426  -35.757244910
    9.192944242  -35.304038791
    9.228291057  -34.754535308
    9.263637873  -34.171991505
    9.298984689  -33.689821068
    9.334331505  -33.466395713
    9.369678320  -33.579843709
    9.405025136  -34.001427969
    9.440371952  -34.644506829
    9.475718767  -35.396911236
    9.511065583  -36.136151337
    9.546412399  -36.757988270
    9.581759215  -37.209584097
    9.617106030  -37.499318360
    9.652452846  -37.661925805
    9.687799662  -37.723759883
    9.723146477  -37.711928282
    9.758493293  -37.677131361
    9.793840109  -37.685418443
    9.829186924  -37.803600324
    9.864533740  -38.049744433
    9.899880556  -38.285139846
    9.935227372  -38.250892059
    9.970574187  -37.815976047
   10.005921003  -37.115505270
   10.041267819  -36.440590516
   10.076614634  -36.023761586
   10.111961450  -35.906763545
   10.147308266  -35.966855978
   10.182655082  -36.023056514
   10.218001897  -35.965190711
   10.253348713  -35.824670117
   10.288695529  -35.721370678
   10.324042344  -35.733497025
   10.359389160  -35.838066140
   10.394735976  -35.957852921
   10.430082792  -36.022817796
   10.465429607  -36.005316641
   10.500776423  -35.951850146
   10.536123239  -35.998443543
   10.571470054  -36.309805804
   10.606816870  -36.942607941
   10.642163686  -37.770482794
   10.677510502  -38.594059552
   10.712857317  -39.284366827
   10.748204133  -39.810367045
   10.783550949  -40.144748802
   10.818897764  -40.143880627
   10.854244580  -39.471765711
   10.889591396  -37.659012503
   10.924938211  -34.366497906
   10.960285027  -29.700891104
   10.995631843  -24.343586529
   11.030978659  -19.470128914
   11.066325474  -16.390500623
   11.101672290  -15.134430269
   11.137019106  -14.704078244
   11.172365921  -14.547430032
   11.207712737  -14.486914384
   11.243059553  -14.463735446
   11.278406369  -14.455380254
   11.313753184  -14.452661021
   11.349100000  -14.451922267
