#! FIELDS ab1 projection
#! SET min_ab1 0.0910494
#! SET max_ab1 11.3509
#! SET nbins_ab1  320
#! SET periodic_ab1 false
    0.091049400  -14.512850268
    0.126346737  -14.512891577
    0.161644075  -14.513037715
    0.196941412  -14.513486731
    0.232238749  -14.514759958
    0.267536087  -14.518020980
    0.302833424  -14.525788839
    0.338130761  -14.543089115
    0.373428098  -14.579499729
    0.408725436  -14.652796663
    0.444022773  -14.795600261
    0.479320110  -15.067234813
    0.514617448  -15.569020927
    0.549914785  -16.444153577
    0.585212122  -17.816681888
    0.620509460  -19.682898440
    0.655806797  -21.892526568
    0.691104134  -24.248073830
    0.726401471  -26.586397927
    0.761698809  -28.800936270
    0.796996146  -30.843071568
    0.832293483  -32.716912120
    0.867590821  -34.460998614
    0.902888158  -36.118880511
    0.938185495  -37.714960761
    0.973482833  -39.250566437
    1.008780170  -40.713481423
    1.044077507  -42.088854426
    1.079374845  -43.367573233
    1.114672182  -44.550783350
    1.149969519  -45.651991456
    1.185266856  -46.696228944
    1.220564194  -47.721489470
    1.255861531  -48.773228295
    1.291158868  -49.879262447
    1.326456206  -51.036298279
    1.361753543  -52.223726127
    1.397050880  -53.430377724
    1.432348218  -54.657493939
    1.467645555  -55.908970474
    1.502942892  -57.190084393
    1.538240229  -58.511543175
    1.573537567  -59.883887404
    1.608834904  -61.308260012
    1.644132241  -62.776453011
    1.679429579  -64.277107672
    1.714726916  -65.794475906
    1.750024253  -67.302706356
    1.785321591  -68.768345018
    1.820618928  -70.169628560
    1.855916265  -71.517004564
    1.891213603  -72.846933159
    1.926510940  -74.182567942
    1.961808277  -75.504004068
    1.997105614  -76.758662101
    2.032402952  -77.904961164
    2.067700289  -78.944822251
    2.102997626  -79.913548443
    2.138294964  -80.846127912
    2.173592301  -81.749627581
    2.208889638  -82.613207769
    2.244186976  -83.434624116
    2.279484313  -84.235210919
    2.314781650  -85.045273373
    2.350078987  -85.885808515
    2.385376325  -86.753314777
    2.420673662  -87.628522038
    2.455970999  -88.488046012
    2.491268337  -89.316774161
    2.526565674  -90.109117547
    2.561863011  -90.868612495
    2.597160349  -91.608421666
    2.632457686  -92.347107840
    2.667755023  -93.101623202
    2.703052361  -93.883872889
    2.738349698  -94.689614916
    2.773647035  -95.483479758
    2.808944372  -96.209982637
    2.844241710  -96.832498211
    2.879539047  -97.368420347
    2.914836384  -97.877518210
    2.950133722  -98.418955438
    2.985431059  -99.004941763
    3.020728396  -99.593577256
    3.056025734 -100.118236889
    3.091323071 -100.538774828
    3.126620408 -100.864161368
    3.161917745 -101.138412575
    3.197215083 -101.404513651
    3.232512420 -101.676987014
    3.267809757 -101.941372885
    3.303107095 -102.175600764
    3.338404432 -102.369527418
    3.373701769 -102.521032395
    3.408999107 -102.627302989
    3.444296444 -102.690191207
    3.479593781 -102.720383857
    3.514891118 -102.735349827
    3.550188456 -102.746434055
    3.585485793 -102.758988683
    3.620783130 -102.773439834
    3.656080468 -102.792298391
    3.691377805 -102.820399107
    3.726675142 -102.858085357
    3.761972480 -102.897093563
    3.797269817 -102.933479789
    3.832567154 -102.978879014
    3.867864492 -103.056528596
    3.903161829 -103.184313490
    3.938459166 -103.367534654
    3.973756503 -103.603334747
    4.009053841 -103.883305501
    4.044351178 -104.200424807
    4.079648515 -104.546752631
    4.114945853 -104.915799577
    4.150243190 -105.304621212
    4.185540527 -105.713167497
    4.220837865 -106.132996153
    4.256135202 -106.545302970
    4.291432539 -106.926121303
    4.326729876 -107.264640454
    4.362027214 -107.577452895
    4.397324551 -107.900846176
    4.432621888 -108.265176941
    4.467919226 -108.674145978
    4.503216563 -109.106645608
    4.538513900 -109.534887994
    4.573811238 -109.938367920
    4.609108575 -110.313945085
    4.644405912 -110.673802949
    4.679703250 -111.033511005
    4.715000587 -111.402656903
    4.750297924 -111.775323659
    4.785595261 -112.127406521
    4.820892599 -112.433629599
    4.856189936 -112.685394643
    4.891487273 -112.899445076
    4.926784611 -113.102145734
    4.962081948 -113.306371520
    4.997379285 -113.502442004
    5.032676623 -113.676336471
    5.067973960 -113.820615312
    5.103271297 -113.937144603
    5.138568634 -114.038838587
    5.173865972 -114.145533000
    5.209163309 -114.263685103
    5.244460646 -114.387853551
    5.279757984 -114.536156895
    5.315055321 -114.751127233
    5.350352658 -115.048008465
    5.385649996 -115.385367126
    5.420947333 -115.698708103
    5.456244670 -115.945204910
    5.491542008 -116.121856219
    5.526839345 -116.252478933
    5.562136682 -116.363261418
    5.597434019 -116.468779037
    5.632731357 -116.565746753
    5.668028694 -116.648350207
    5.703326031 -116.715289143
    5.738623369 -116.769213510
    5.773920706 -116.809333170
    5.809218043 -116.834987487
    5.844515381 -116.854477057
    5.879812718 -116.889187408
    5.915110055 -116.957963198
    5.950407392 -117.058188964
    5.985704730 -117.160400089
    6.021002067 -117.217080256
    6.056299404 -117.183687856
    6.091596742 -117.040506707
    6.126894079 -116.802068396
    6.162191416 -116.515253286
    6.197488754 -116.239759845
    6.232786091 -116.020973807
    6.268083428 -115.875338768
    6.303380766 -115.791454737
    6.338678103 -115.741388688
    6.373975440 -115.695357240
    6.409272777 -115.640957693
    6.444570115 -115.585595429
    6.479867452 -115.546314738
    6.515164789 -115.533451599
    6.550462127 -115.545146161
    6.585759464 -115.577341933
    6.621056801 -115.627597053
    6.656354139 -115.694379101
    6.691651476 -115.768096424
    6.726948813 -115.835788200
    6.762246150 -115.893858855
    6.797543488 -115.952867052
    6.832840825 -116.028814554
    6.868138162 -116.125998910
    6.903435500 -116.235412999
    6.938732837 -116.347852858
    6.974030174 -116.467347608
    7.009327512 -116.609115577
    7.044624849 -116.781904973
    7.079922186 -116.982132046
    7.115219524 -117.194319885
    7.150516861 -117.396647376
    7.185814198 -117.571766414
    7.221111535 -117.714440146
    7.256408873 -117.832433825
    7.291706210 -117.934567653
    7.327003547 -118.032503880
    7.362300885 -118.142573908
    7.397598222 -118.283423776
    7.432895559 -118.461577493
    7.468192897 -118.665674912
    7.503490234 -118.881631719
    7.538787571 -119.104218892
    7.574084908 -119.335924532
    7.609382246 -119.580994606
    7.644679583 -119.847779829
    7.679976920 -120.155777154
    7.715274258 -120.526908860
    7.750571595 -120.958627281
    7.785868932 -121.409342705
    7.821166270 -121.814793335
    7.856463607 -122.133695451
    7.891760944 -122.368747044
    7.927058282 -122.563799384
    7.962355619 -122.775667962
    7.997652956 -123.045192556
    8.032950293 -123.380252690
    8.068247631 -123.746773865
    8.103544968 -124.087576362
    8.138842305 -124.353180172
    8.174139643 -124.529251554
    8.209436980 -124.637165370
    8.244734317 -124.713038803
    8.280031655 -124.794282677
    8.315328992 -124.899285548
    8.350626329 -125.026809143
    8.385923666 -125.158846832
    8.421221004 -125.277840668
    8.456518341 -125.382995156
    8.491815678 -125.498372298
    8.527113016 -125.654626761
    8.562410353 -125.864845607
    8.597707690 -126.112686770
    8.633005028 -126.367694939
    8.668302365 -126.604559332
    8.703599702 -126.820601615
    8.738897039 -127.037783197
    8.774194377 -127.287255781
    8.809491714 -127.584216262
    8.844789051 -127.913707476
    8.880086389 -128.239240322
    8.915383726 -128.523542617
    8.950681063 -128.749993161
    8.985978401 -128.927282682
    9.021275738 -129.080914086
    9.056573075 -129.232465448
    9.091870413 -129.386066425
    9.127167750 -129.526478742
    9.162465087 -129.638414562
    9.197762424 -129.718929785
    9.233059762 -129.777124855
    9.268357099 -129.812276773
    9.303654436 -129.812620710
    9.338951774 -129.776855935
    9.374249111 -129.719666326
    9.409546448 -129.665350662
    9.444843786 -129.631972064
    9.480141123 -129.622637457
    9.515438460 -129.624900871
    9.550735797 -129.619947448
    9.586033135 -129.600360056
    9.621330472 -129.571660584
    9.656627809 -129.537830350
    9.691925147 -129.504002538
    9.727222484 -129.487791405
    9.762519821 -129.519060760
    9.797817159 -129.614879410
    9.833114496 -129.761042270
    9.868411833 -129.915714777
    9.903709171 -130.036372808
    9.939006508 -130.117522357
    9.974303845 -130.195183411
   10.009601182 -130.311578478
   10.044898520 -130.483073384
   10.080195857 -130.705312751
   10.115493194 -130.974350269
   10.150790532 -131.278520237
   10.186087869 -131.592637713
   10.221385206 -131.900710384
   10.256682544 -132.216153217
   10.291979881 -132.563620123
   10.327277218 -132.952145480
   10.362574555 -133.362164791
   10.397871893 -133.719860275
   10.433169230 -133.881889135
   10.468466567 -133.689987064
   10.503763905 -133.113171710
   10.539061242 -132.358469913
   10.574358579 -131.759785060
   10.609655917 -131.450022326
   10.644953254 -131.232983451
   10.680250591 -130.799289139
   10.715547929 -130.051384003
   10.750845266 -129.306343935
   10.786142603 -129.207192603
   10.821439940 -130.224651692
   10.856737278 -131.908795205
   10.892034615 -132.377106291
   10.927331952 -128.729115197
   10.962629290 -118.587498209
   10.997926627 -101.736855326
   11.033223964  -80.615285170
   11.068521302  -59.265827856
   11.103818639  -41.430836908
   11.139115976  -28.920005992
   11.174413313  -21.394761010
   11.209710651  -17.453374678
   11.245007988  -15.639656873
   11.280305325  -14.898317973
   11.315602663  -14.627154046
   11.350900000  -14.535493776
